(1664,4.2)
(978,3.94)
(210,3.1463414634146343)
(2726,4.1692307692307695)
(1865,3.5555555555555554)
(3373,2.6666666666666665)
(1234,4.320305052430887)
(123,3.869565217391304)
(2173,3.5636363636363635)
(2022,3.531496062992126)
(3002,3.914285714285714)
(247,3.8658280922431865)
(3053,3.0175953079178885)
(3338,4.444444444444445)
(246,4.18854748603352)
(609,2.7761194029850746)
(2474,3.4606413994169096)
(3109,3.21875)
(2897,3.25)
(2751,2.814814814814815)
(494,3.3461538461538463)
(470,1.736842105263158)
(2872,3.81266846361186)
(445,2.61)
(3350,3.972027972027972)
(3024,2.347826086956522)
(3065,4.0)
(616,3.352517985611511)
(2042,2.6321243523316062)
(715,3.6153846153846154)
(133,1.0)
(3324,2.763157894736842)
(3180,2.2)
(1261,3.826642335766423)
(2060,2.9945355191256833)
(1952,4.113122171945701)
(2990,3.2)
(2685,3.0)
(3714,3.1363636363636362)
(3168,3.7711340206185566)
(2955,2.0)
(1687,3.077151335311573)
(1515,2.5580110497237567)
(1127,3.6839650145772596)
(3353,4.0)
(386,2.6)
(1967,3.637184115523466)
(3123,1.0)
(2054,2.9330143540669855)
(1602,2.116279069767442)
(140,3.1654676258992804)
(2084,3.129032258064516)
(516,2.870967741935484)
(3130,2.3728813559322033)
(156,3.5606060606060606)
(460,2.263157894736842)
(638,3.210526315789474)
(96,3.923076923076923)
(3867,3.3333333333333335)
(419,2.1923076923076925)
(170,3.146417445482866)
(461,3.2790697674418605)
(2174,3.5678929765886287)
(2292,2.5)
(3904,1.0)
(1355,2.961038961038961)
(306,4.227544910179641)
(397,2.4166666666666665)
(2858,4.3173862310385065)
(2964,3.3333333333333335)
(3895,2.3404255319148937)
(2062,3.2)
(1041,4.037974683544304)
(1301,3.9758713136729225)
(870,2.183673469387755)
(1324,1.6818181818181819)
(2576,2.0)
(1238,4.0)
(66,1.6701030927835052)
(3314,3.25)
(3368,3.6507936507936507)
(806,3.1666666666666665)
(1434,4.0)
(2779,3.6202898550724636)
(2518,3.4727891156462585)
(879,2.827004219409283)
(1620,3.3367088607594937)
(2818,1.603448275862069)
(1734,3.825870646766169)
(2744,3.6842105263157894)
(3924,2.923076923076923)
(1255,3.4074074074074074)
(1243,3.9846153846153847)
(1855,2.3981481481481484)
(2534,2.5294117647058822)
(1817,3.0)
(3211,3.515151515151515)
(3159,3.8057395143487858)
(505,2.4927536231884058)
(2221,3.090909090909091)
(2590,3.0416666666666665)
(2085,3.5964601769911506)
(490,3.324324324324324)
(523,3.658119658119658)
(2645,3.343137254901961)
(544,2.643410852713178)
(2069,3.7857142857142856)
(3239,2.3783783783783785)
(1312,3.2413793103448274)
(3007,4.013559322033898)
(1564,3.8333333333333335)
(2000,3.8869084204056548)
(3865,3.2312925170068025)
(1850,2.8461538461538463)
(2592,3.0)
(3683,4.218152866242038)
(3033,3.2836484983314795)
(587,3.49644128113879)
(1807,3.411764705882353)
(192,3.0)
(2720,2.1662198391420913)
(1298,3.640826873385013)
(764,3.27027027027027)
(1123,3.727272727272727)
(838,3.8802395209580838)
(2471,2.6280193236714977)
(1043,2.8425925925925926)
(2725,3.7473684210526317)
(3259,3.369727047146402)
(3525,3.138888888888889)
(1371,3.1363636363636362)
(271,3.142857142857143)
(3747,3.75)
(938,3.620320855614973)
(912,4.412822049131217)
(922,4.491489361702127)
(2537,1.9411764705882353)
(630,2.857142857142857)
(2458,2.476923076923077)
(250,2.6)
(2479,2.272727272727273)
(3449,2.9705882352941178)
(1114,2.870967741935484)
(478,2.4583333333333335)
(52,3.640371229698376)
(2696,3.691358024691358)
(2384,3.2906309751434035)
(1405,3.04)
(1667,2.7787610619469025)
(76,2.853932584269663)
(1748,3.822654462242563)
(1597,3.405672009864365)
(2550,3.5027322404371586)
(1131,4.324074074074074)
(21,3.6238938053097347)
(3610,2.5294117647058822)
(2625,3.0757575757575757)
(1866,3.0899470899470898)
(3127,3.232142857142857)
(2102,3.3857868020304567)
(2904,3.764705882352941)
(1172,4.287804878048781)
(3457,2.99290780141844)
(2120,2.9421487603305785)
(2837,3.380952380952381)
(2108,3.7066666666666666)
(2132,4.074074074074074)
(2071,3.9298245614035086)
(974,3.75)
(2483,2.92)
(872,3.0)
(3481,3.928623452294246)
(2992,2.4838709677419355)
(2280,3.432)
(207,3.132420091324201)
(1306,3.6029411764705883)
(1049,3.328159645232816)
(1111,4.095744680851064)
(3240,3.272727272727273)
(292,3.2687585266030013)
(1840,3.38125)
(3155,3.4144144144144146)
(2143,3.2704225352112677)
(1509,3.6666666666666665)
(3693,2.697802197802198)
(2353,3.687246963562753)
(3574,1.0588235294117647)
(3359,4.0807692307692305)
(2671,3.6628205128205127)
(2282,3.518987341772152)
(835,3.1262135922330097)
(186,2.7630331753554502)
(2115,3.676131322094055)
(2953,2.3929618768328447)
(3151,2.0)
(1377,2.9767216294859358)
(1446,4.052910052910053)
(986,3.603448275862069)
(3452,3.1419939577039275)
(3906,3.15625)
(3443,3.8)
(2213,1.0)
(2454,3.3583333333333334)
(1092,3.5419440745672435)
(3222,4.166666666666667)
(184,3.3461538461538463)
(1010,3.268595041322314)
(3663,1.8620689655172413)
(3900,2.787878787878788)
(2467,3.9012345679012346)
(2442,3.825)
(753,3.15625)
(3000,4.147826086956521)
(393,1.8571428571428572)
(2203,4.2703862660944205)
(1759,3.980392156862745)
(2924,3.9097744360902253)
(2253,2.5636363636363635)
(3760,3.481967213114754)
(2605,3.168597168597169)
(2163,2.6067961165048543)
(1546,3.816326530612245)
(1033,3.4494773519163764)
(3605,3.0980392156862746)
(576,3.0)
(2624,4.088235294117647)
(645,3.6)
(515,3.917777777777778)
(3067,3.8923512747875355)
(3128,3.450980392156863)
(2903,2.0510204081632653)
(453,3.2238805970149254)
(2191,2.8)
(778,3.9600532623169107)
(3114,4.218927444794953)
(2676,3.1353383458646618)
(2219,3.4)
(3405,3.875)
(343,2.4285714285714284)
(3559,3.6666666666666665)
(3648,2.6666666666666665)
(1118,2.0)
(2082,2.886426592797784)
(3875,2.8)
(2936,4.093167701863354)
(40,3.933333333333333)
(1277,3.884297520661157)
(1350,3.6234718826405867)
(3667,1.9142857142857144)
(3614,3.2195571955719555)
(548,2.5474452554744524)
(1869,2.3137254901960786)
(1484,3.7016129032258065)
(3666,1.6666666666666667)
(70,3.1564551422319473)
(1174,3.8)
(167,3.6)
(1039,3.6666666666666665)
(1226,4.053097345132743)
(525,3.1904761904761907)
(1214,4.159584980237154)
(1016,3.217948717948718)
(1726,2.7737226277372264)
(3679,4.274193548387097)
(3942,1.7857142857142858)
(1493,3.2941176470588234)
(484,2.6551724137931036)
(2742,2.0)
(1570,3.3043478260869565)
(2254,2.0)
(3458,3.0)
(47,4.106420404573439)
(3361,3.837442922374429)
(2096,3.710371819960861)
(634,1.6666666666666667)
(1844,3.8620689655172415)
(1133,2.0)
(2231,3.608695652173913)
(2494,4.0)
(1440,2.765432098765432)
(2317,2.625)
(3317,3.9495967741935485)
(533,2.7339901477832513)
(3298,3.4593220338983053)
(2670,4.0)
(1649,3.8518518518518516)
(267,2.7285714285714286)
(3578,4.106029106029106)
(2130,3.8322368421052633)
(1890,2.4285714285714284)
(3948,3.6357308584686776)
(356,4.087967183226983)
(1910,3.7560975609756095)
(1421,3.0454545454545454)
(3450,3.415327564894932)
(571,3.588235294117647)
(439,4.5)
(1082,3.7012987012987013)
(3494,3.7375)
(3871,3.839344262295082)
(937,3.75)
(950,4.239726027397261)
(1928,3.3793103448275863)
(3271,3.847560975609756)
(3625,3.8125)
(799,3.3491124260355027)
(3496,3.2203389830508473)
(1831,2.5847076461769114)
(3084,3.5)
(2739,3.8555555555555556)
(2250,3.1451612903225805)
(3660,2.859872611464968)
(2383,1.657718120805369)
(3699,3.461271676300578)
(1414,3.5952380952380953)
(1987,2.32967032967033)
(3073,3.242424242424242)
(1913,3.8263473053892216)
(2949,3.874613003095975)
(2888,2.7815126050420167)
(3732,2.9859154929577465)
(1209,4.023121387283237)
(3391,2.28125)
(2304,3.5714285714285716)
(208,2.6313364055299537)
(2628,3.409777777777778)
(2485,3.051219512195122)
(145,3.2955801104972378)
(3480,3.6258064516129034)
(556,4.2272727272727275)
(2351,4.207207207207207)
(89,3.074235807860262)
(3025,3.2857142857142856)
(3141,3.0483870967741935)
(311,3.0)
(2397,3.3043478260869565)
(849,2.5107632093933465)
(568,3.857142857142857)
(2033,3.165)
(206,3.6707317073170733)
(3911,4.073059360730594)
(1126,2.3722397476340693)
(2,3.20114122681883)
(1208,4.243197278911564)
(2357,4.283720930232558)
(2430,3.111111111111111)
(2151,3.171875)
(2983,3.9876543209876543)
(1228,4.1875923190546525)
(2617,3.3217477656405165)
(545,2.0)
(298,3.9130434782608696)
(414,2.6555555555555554)
(2612,4.088235294117647)
(1644,2.6315789473684212)
(1835,3.289617486338798)
(1369,3.8)
(237,2.972762645914397)
(3406,3.7523809523809524)
(1389,1.8523809523809525)
(1420,4.0)
(2407,3.5377733598409544)
(3941,2.0454545454545454)
(534,3.835664335664336)
(3041,1.6986301369863013)
(3522,4.0)
(1216,3.6551724137931036)
(667,2.0425531914893615)
(1433,1.8)
(1447,3.36734693877551)
(3398,3.504398826979472)
(1178,4.473913043478261)
(2318,3.903125)
(2352,3.8747016706443915)
(3482,3.0)
(2046,3.466417910447761)
(231,3.1924242424242424)
(2303,3.92)
(3658,3.652173913043478)
(2403,3.5717884130982367)
(359,3.210526315789474)
(818,2.560846560846561)
(1406,3.4583333333333335)
(2919,3.895140664961637)
(2461,2.096774193548387)
(579,2.0)
(1528,2.0)
(2911,3.2857142857142856)
(217,2.625)
(3018,3.475806451612903)
(219,3.1818181818181817)
(1185,3.958057395143488)
(2395,3.8409836065573773)
(346,3.525)
(3346,2.8)
(1347,3.4855875831485585)
(3276,2.652173913043478)
(3021,2.861111111111111)
(657,3.0)
(1925,3.888888888888889)
(1709,2.0)
(887,2.5)
(2752,2.962162162162162)
(1936,3.8780487804878048)
(3088,4.089887640449438)
(2946,3.7731958762886597)
(1453,2.4324324324324325)
(2127,3.5)
(2125,3.7139423076923075)
(327,2.6145251396648046)
(2754,1.8333333333333333)
(3803,3.5555555555555554)
(3619,3.260869565217391)
(846,3.736842105263158)
(2198,4.0)
(2429,2.827777777777778)
(1554,3.4782608695652173)
(2675,3.4)
(3277,4.0)
(733,3.723134328358209)
(2644,3.827731092436975)
(270,3.037974683544304)
(3828,2.5)
(3425,3.2911392405063293)
(2800,3.0454545454545454)
(2005,3.4972067039106145)
(599,4.087121212121212)
(1160,2.1666666666666665)
(499,2.7551020408163267)
(2985,3.451586655817738)
(562,3.799163179916318)
(3697,2.8678071539657854)
(2886,2.242424242424242)
(985,3.75)
(1553,2.75)
(3498,4.0067796610169495)
(2374,2.930327868852459)
(152,3.0)
(1151,3.4838709677419355)
(331,3.0952380952380953)
(2010,4.082474226804123)
(2145,3.3665223665223665)
(3438,2.6779026217228465)
(1230,4.14167916041979)
(3883,2.7333333333333334)
(379,2.889908256880734)
(1522,2.4285714285714284)
(2333,3.8131487889273354)
(680,3.359375)
(1326,2.107142857142857)
(1871,4.0)
(67,3.25)
(2796,2.95)
(3182,3.9596774193548385)
(3051,2.950310559006211)
(3869,3.0881670533642693)
(197,3.0588235294117645)
(2066,4.150943396226415)
(2556,3.0)
(1537,4.137142857142857)
(3546,3.7219730941704037)
(1489,2.5675675675675675)
(2996,3.4285714285714284)
(2137,3.8229376257545273)
(1719,4.044619422572178)
(503,3.6923076923076925)
(2729,3.8656716417910446)
(1555,3.0)
(3504,4.020348837209302)
(2451,2.646017699115044)
(536,3.1636363636363636)
(2697,3.7291666666666665)
(1272,4.266666666666667)
(3017,2.5288461538461537)
(383,3.2666666666666666)
(2792,2.9802867383512543)
(2587,2.9607843137254903)
(2208,4.185929648241206)
(731,2.851063829787234)
(3257,2.8594249201277955)
(3538,3.664772727272727)
(434,3.0845481049562684)
(844,3.5714285714285716)
(1616,3.0936708860759494)
(3626,2.4693877551020407)
(2152,2.1159420289855073)
(2090,3.4738955823293174)
(3781,2.586206896551724)
(2865,3.05)
(176,3.9170731707317072)
(3635,3.6057494866529773)
(3736,3.7948717948717947)
(709,3.0416666666666665)
(1194,3.4764150943396226)
(745,4.52054794520548)
(3428,2.9491525423728815)
(1760,1.8736842105263158)
(1256,4.21043771043771)
(1693,3.717948717948718)
(930,4.29438202247191)
(2348,3.5526315789473686)
(10,3.5405405405405403)
(2271,3.289473684210526)
(984,2.6666666666666665)
(1741,4.0)
(2480,4.5)
(2820,3.5660377358490565)
(1180,3.84)
(2968,3.6940594059405942)
(694,2.645390070921986)
(1600,2.869047619047619)
(365,3.1690140845070425)
(2148,2.8855421686746987)
(2867,3.434640522875817)
(1105,1.7857142857142858)
(2703,3.0)
(1881,2.7794117647058822)
(334,3.8596491228070176)
(134,4.0)
(2400,2.86046511627907)
(2112,3.4884393063583814)
(2452,1.6842105263157894)
(2057,3.340659340659341)
(1390,3.1983471074380163)
(1020,3.239795918367347)
(2428,2.7777777777777777)
(2771,2.888888888888889)
(253,3.524390243902439)
(1756,2.549019607843137)
(2639,3.2024539877300615)
(3723,3.7286245353159853)
(2986,2.3813387423935093)
(2098,3.1447368421052633)
(3767,2.0865384615384617)
(118,3.073529411764706)
(3949,4.115131578947368)
(858,4.524966261808367)
(2175,3.8333333333333335)
(2678,3.12)
(2707,3.504731861198738)
(265,3.9326424870466323)
(3540,2.75)
(2881,3.2010178117048347)
(1544,3.036653386454183)
(632,4.0)
(425,3.6095238095238096)
(318,4.554557700942973)
(1584,3.768451519536903)
(3249,3.135294117647059)
(3140,3.4444444444444446)
(28,4.055865921787709)
(2052,2.8688524590163933)
(2629,2.75)
(3412,3.3714285714285714)
(1124,3.740740740740741)
(1959,3.6533546325878596)
(1851,4.0)
(1915,4.0)
(2873,2.6818181818181817)
(131,3.0625)
(1670,3.5)
(3360,3.91864406779661)
(1246,4.005847953216374)
(2154,2.7857142857142856)
(2003,3.268041237113402)
(1364,3.5)
(3427,3.3378378378378377)
(3139,3.176470588235294)
(8,3.014705882352941)
(2362,2.849056603773585)
(2214,3.0)
(3500,2.711864406779661)
(3122,3.3793103448275863)
(2862,2.5842696629213484)
(889,2.5)
(1494,2.473684210526316)
(1236,4.188888888888889)
(2950,2.332369942196532)
(1202,3.611111111111111)
(1487,3.067901234567901)
(1988,2.0980392156862746)
(2481,3.6)
(624,4.0)
(1009,3.185567010309278)
(973,3.9146341463414633)
(339,3.49925705794948)
(2347,3.736842105263158)
(2164,2.05)
(2905,4.608695652173913)
(1375,3.353829557713053)
(3616,2.4565217391304346)
(1070,3.0)
(1387,4.089569829110195)
(793,2.6)
(2354,2.780141843971631)
(2242,2.5)
(2866,3.6884422110552766)
(2791,3.9711149624494513)
(671,3.6798245614035086)
(3336,3.0)
(656,2.5641025641025643)
(975,1.5)
(527,4.510416666666667)
(1874,3.3703703703703702)
(254,3.0789473684210527)
(3183,3.6222222222222222)
(1654,3.310344827586207)
(2382,1.7666666666666666)
(3057,4.0)
(1834,3.9391480730223125)
(2599,3.9303547963206307)
(2833,3.6666666666666665)
(432,2.579081632653061)
(466,2.7958115183246073)
(3877,2.021978021978022)
(1627,3.076)
(345,3.8059701492537314)
(1117,4.25)
(124,3.2142857142857144)
(3058,2.1666666666666665)
(3577,2.65)
(2930,4.4)
(3523,3.125)
(1193,4.390724637681159)
(2861,3.152542372881356)
(3244,3.6956521739130435)
(3544,2.917525773195876)
(2799,1.5555555555555556)
(945,4.147410358565737)
(63,2.855855855855856)
(3098,3.832116788321168)
(3776,3.3333333333333335)
(2705,2.7142857142857144)
(2855,2.3)
(2170,2.5528455284552845)
(146,2.888888888888889)
(1409,3.0535714285714284)
(589,4.058512646281616)
(1903,3.3333333333333335)
(3708,2.9812734082397006)
(824,3.9285714285714284)
(116,4.097560975609756)
(480,3.7638473053892216)
(1395,3.3254237288135595)
(479,2.7969924812030076)
(2965,2.0277777777777777)
(2477,2.2857142857142856)
(191,2.466666666666667)
(3661,2.207317073170732)
(347,3.1739130434782608)
(2836,3.294478527607362)
(1242,4.193345323741007)
(450,3.280701754385965)
(3283,3.466666666666667)
(75,1.9166666666666667)
(1120,3.5833333333333335)
(833,2.1794871794871793)
(2259,2.716417910447761)
(2009,3.518957345971564)
(2922,3.7468879668049793)
(1782,2.5)
(431,3.6910569105691056)
(728,3.7649769585253456)
(3301,3.3787375415282392)
(1162,3.90625)
(2916,3.682364729458918)
(300,3.7588652482269502)
(1720,1.2857142857142858)
(711,2.5)
(2920,4.19)
(2409,3.1775280898876406)
(3733,3.837370242214533)
(108,2.857142857142857)
(1456,2.359375)
(326,4.344262295081967)
(1077,3.9798387096774195)
(2651,3.1463414634146343)
(3173,3.1262939958592133)
(455,2.5894736842105264)
(1432,2.77)
(2785,3.04)
(3816,3.763157894736842)
(161,3.723684210526316)
(1804,3.033613445378151)
(981,2.75)
(160,2.2389380530973453)
(3646,2.4444444444444446)
(1833,3.003787878787879)
(655,1.0)
(153,2.642213642213642)
(2189,3.7142857142857144)
(1891,1.8888888888888888)
(2765,2.7142857142857144)
(2048,3.49618320610687)
(3800,2.3333333333333335)
(514,3.531791907514451)
(1019,3.7026086956521738)
(2923,3.411764705882353)
(3095,4.134357005758157)
(1325,1.6521739130434783)
(1920,2.8104395604395602)
(2053,2.257217847769029)
(3440,1.9202127659574468)
(1090,4.090113735783027)
(2869,2.6666666666666665)
(1370,3.541850220264317)
(1826,1.55)
(1795,4.5)
(3242,3.6666666666666665)
(2761,4.0474777448071215)
(3783,4.029787234042553)
(2623,2.75)
(1073,3.8613861386138613)
(1340,3.912037037037037)
(1810,3.558073654390935)
(785,3.4784313725490197)
(313,2.888888888888889)
(3433,2.1458333333333335)
(917,3.675324675324675)
(2541,3.221824686940966)
(2602,2.8333333333333335)
(3908,2.1847826086956523)
(2530,2.9452054794520546)
(1822,2.0476190476190474)
(3451,3.92)
(3288,3.0)
(1747,3.4895259095920617)
(659,3.72)
(1000,3.05)
(2631,2.0)
(779,2.6923076923076925)
(3777,2.1818181818181817)
(1912,3.797356828193833)
(1727,3.2285714285714286)
(2630,3.5121951219512195)
(3365,4.085714285714285)
(1947,4.057818659658344)
(2021,3.356147021546261)
(2815,2.5940959409594098)
(2708,3.8297872340425534)
(976,3.5714285714285716)
(2649,3.3230769230769233)
(3837,2.8876404494382024)
(1590,2.5180722891566263)
(2072,2.910891089108911)
(1941,3.8053097345132745)
(1397,3.6507936507936507)
(45,3.4246323529411766)
(1471,3.4)
(3528,3.155763239875389)
(195,2.841463414634146)
(2915,3.6396713615023475)
(178,3.473684210526316)
(3178,3.848722986247544)
(3304,3.5714285714285716)
(1625,3.9138321995464853)
(1313,2.1538461538461537)
(1381,1.9636963696369636)
(2519,3.2291666666666665)
(2895,3.0)
(2558,2.74468085106383)
(3164,4.0)
(260,4.453694416583082)
(3056,3.6666666666666665)
(1201,4.133819951338199)
(619,2.59375)
(2326,3.0)
(3367,3.372093023255814)
(3379,3.9473684210526314)
(2878,2.264705882352941)
(3535,3.219047619047619)
(3252,3.7135135135135133)
(113,2.981132075471698)
(2885,3.360655737704918)
(1525,2.090909090909091)
(1346,3.1839080459770117)
(2065,3.5991649269311066)
(238,2.8125)
(3401,2.106194690265487)
(1846,3.25)
(2236,3.608910891089109)
(68,3.45)
(2129,3.75)
(3551,3.93)
(1949,4.232876712328767)
(3418,3.6803105151729003)
(174,2.308641975308642)
(1809,3.8055555555555554)
(3792,3.5555555555555554)
(963,3.574074074074074)
(1565,3.0)
(1898,3.642857142857143)
(3651,1.0)
(790,3.0)
(1603,2.925287356321839)
(1317,3.175)
(398,4.0)
(3296,3.793103448275862)
(1572,3.730769230769231)
(1502,3.076923076923077)
(784,2.72987012987013)
(2647,3.1923076923076925)
(1977,2.1775147928994083)
(2906,2.328)
(1623,2.2109375)
(3063,2.7194244604316546)
(2627,3.4285714285714284)
(1895,3.238562091503268)
(378,2.892857142857143)
(3134,4.33939393939394)
(2973,4.05)
(3081,3.516885553470919)
(1280,4.1732851985559565)
(1233,4.302697302697303)
(1223,4.361522198731501)
(325,2.4489795918367347)
(593,4.3518231186966645)
(1343,3.671033478893741)
(540,2.2189349112426036)
(2981,3.7333333333333334)
(82,3.8764044943820224)
(2646,2.871794871794872)
(1701,3.415492957746479)
(565,3.1311475409836067)
(2673,3.857142857142857)
(701,4.0)
(3113,2.629432624113475)
(1266,4.0902708124373115)
(1837,2.6875)
(315,2.65359477124183)
(921,3.8940397350993377)
(744,2.0)
(424,2.6)
(802,3.496487119437939)
(2846,3.3674698795180724)
(3569,3.3513513513513513)
(2473,2.4093264248704664)
(37,3.5)
(258,2.423611111111111)
(1841,2.9473684210526314)
(3930,3.2556053811659194)
(3275,3.619565217391304)
(3721,2.5833333333333335)
(185,2.869947275922671)
(1175,4.002717391304348)
(3253,3.600892857142857)
(2375,2.8923444976076556)
(3149,2.4444444444444446)
(3926,3.361111111111111)
(2938,3.7419354838709675)
(3678,3.7555555555555555)
(3358,3.681614349775785)
(3247,3.1681681681681684)
(2002,3.254364089775561)
(1650,3.34)
(32,3.945731303772336)
(2011,3.3436960276338517)
(126,1.9898989898989898)
(2843,3.869565217391304)
(828,2.9074074074074074)
(3628,3.4158415841584158)
(2232,3.467811158798283)
(3727,3.7094594594594597)
(2842,3.4523809523809526)
(214,4.25)
(2512,3.9473684210526314)
(3108,3.6264550264550266)
(3262,2.9693251533742333)
(2160,3.818820224719101)
(687,3.0)
(179,2.2083333333333335)
(1207,4.425646551724138)
(569,2.93)
(411,2.6153846153846154)
(3861,3.103734439834025)
(2194,4.007985803016859)
(3200,3.8488372093023258)
(3768,2.1604938271604937)
(151,3.588447653429603)
(2392,2.234146341463415)
(2422,2.1223776223776225)
(1689,3.1547619047619047)
(296,4.278212805158913)
(3219,3.2550335570469797)
(1198,4.477724741447892)
(661,3.4647619047619047)
(547,2.879032258064516)
(2699,3.0029261155815656)
(3163,3.7039473684210527)
(1753,3.202020202020202)
(2959,4.077188146106134)
(572,3.0)
(998,3.010752688172043)
(832,3.478723404255319)
(1585,3.2142857142857144)
(3570,3.9)
(2389,2.6515151515151514)
(1632,2.45)
(919,4.247962747380675)
(2694,3.1352718078381794)
(2399,2.6681614349775784)
(2370,3.5140845070422535)
(1373,2.7487765089722673)
(2092,2.4355828220858897)
(3054,1.9779411764705883)
(2584,3.0)
(1438,2.8161993769470404)
(3124,3.323529411764706)
(1014,3.4044117647058822)
(718,3.484848484848485)
(2311,3.4170212765957446)
(2258,3.0)
(2561,3.0381679389312977)
(1101,3.6861386138613863)
(2812,3.239130434782609)
(3565,3.267148014440433)
(3121,3.5555555555555554)
(3040,3.311111111111111)
(3774,1.96875)
(1500,3.813380281690141)
(2460,2.353448275862069)
(923,4.388888888888889)
(2700,3.760441292356186)
(2802,3.088235294117647)
(3402,3.347826086956522)
(1696,3.5714285714285716)
(720,4.426940639269406)
(1015,3.3461538461538463)
(3655,3.78)
(758,4.0)
(3786,3.25)
(1806,2.892857142857143)
(3229,4.0)
(1311,1.0)
(944,3.7938144329896906)
(190,3.75)
(3604,3.69672131147541)
(2664,3.912420382165605)
(2826,3.1586666666666665)
(2015,3.4526315789473685)
(83,3.696969696969697)
(2315,2.36734693877551)
(3562,3.0384615384615383)
(2661,3.3617021276595747)
(2937,4.288461538461538)
(1056,3.54)
(3847,2.96)
(2606,2.7246376811594204)
(3508,4.043835616438356)
(481,3.380952380952381)
(672,2.0)
(218,3.128205128205128)
(508,3.894830659536542)
(394,3.6666666666666665)
(1275,3.8461538461538463)
(2034,2.772881355932203)
(2373,2.4814814814814814)
(3838,2.619047619047619)
(2119,2.272108843537415)
(2336,4.029850746268656)
(649,4.1875)
(3886,3.0)
(2589,2.734375)
(1591,2.6210526315789475)
(2036,2.21875)
(1896,3.106382978723404)
(3074,3.7882882882882885)
(1636,2.4)
(1504,3.5)
(317,3.1918876755070205)
(3647,4.0)
(3076,3.7096774193548385)
(110,4.234957020057307)
(2291,3.5926680244399187)
(3712,3.23013698630137)
(1595,1.7384615384615385)
(1173,3.3484848484848486)
(3333,3.5)
(1386,1.0)
(2908,4.014117647058823)
(3922,2.58974358974359)
(2100,3.4307824591573515)
(1658,3.1724137931034484)
(1982,3.7134387351778657)
(3083,4.086294416243655)
(203,3.0541871921182264)
(2593,3.7142857142857144)
(2376,3.267692307692308)
(901,3.6436781609195403)
(3687,2.0)
(1327,2.9380281690140846)
(3207,3.2)
(3110,3.393939393939394)
(1465,3.492063492063492)
(1290,3.591304347826087)
(2076,3.7629969418960245)
(1176,3.937984496124031)
(1631,3.5918367346938775)
(2679,2.6)
(2544,2.7777777777777777)
(3827,3.3828451882845187)
(364,3.8608385370205176)
(3184,3.0)
(2350,2.789473684210526)
(3167,3.6325301204819276)
(3215,3.1818181818181817)
(1633,3.661654135338346)
(3923,2.576923076923077)
(2049,3.324324324324324)
(712,3.5)
(1404,3.1447368421052633)
(1,4.146846413095811)
(2857,3.6967418546365916)
(1970,2.6417910447761193)
(3952,3.7809278350515463)
(1130,3.25974025974026)
(1470,4.0)
(814,3.0)
(3757,2.823529411764706)
(868,3.0)
(767,3.2083333333333335)
(3232,4.0)
(1030,3.0773993808049536)
(2521,2.630952380952381)
(1849,2.5714285714285716)
(374,2.1147540983606556)
(1848,3.0451977401129944)
(3228,1.0)
(2114,3.6875)
(1630,2.0)
(433,2.7916666666666665)
(2579,3.793103448275862)
(269,3.5272727272727273)
(352,3.134453781512605)
(321,3.7540983606557377)
(997,3.357142857142857)
(751,3.533333333333333)
(1829,3.0)
(3493,1.0)
(660,1.5)
(344,3.1488250652741514)
(1187,3.6598639455782314)
(9,2.656862745098039)
(698,2.2)
(20,2.5375)
(1889,3.877551020408163)
(742,2.528735632183908)
(2899,3.547008547008547)
(1288,4.179785330948121)
(2142,2.8308457711442787)
(1267,4.333333333333333)
(1011,2.725925925925926)
(3933,2.25)
(2963,3.7058823529411766)
(1523,2.6315789473684212)
(2360,4.3076923076923075)
(3832,3.2857142857142856)
(3505,3.8732394366197185)
(1161,3.9468085106382977)
(813,2.5106382978723403)
(2453,3.25)
(454,3.5473300970873787)
(1249,4.005457025920873)
(1796,2.4)
(3928,3.441747572815534)
(2596,3.618705035971223)
(2365,2.7720588235294117)
(3306,3.9583333333333335)
(647,3.5532879818594103)
(2332,3.25)
(3292,3.8333333333333335)
(1859,3.53125)
(3473,3.4166666666666665)
(3380,3.0)
(3762,1.3333333333333333)
(2450,2.0990783410138247)
(2299,3.75)
(409,3.020408163265306)
(3862,3.1)
(834,2.0)
(2338,2.2033898305084745)
(3739,3.975)
(1055,2.736842105263158)
(1098,2.4)
(2945,2.6785714285714284)
(2432,3.136986301369863)
(884,3.0)
(506,3.491228070175439)
(1657,3.5)
(2506,3.3435582822085887)
(384,2.9)
(3764,2.6408163265306124)
(1278,4.250628667225482)
(3950,3.6666666666666665)
(3318,3.4791666666666665)
(2795,3.841530054644809)
(3627,3.4766355140186915)
(1797,4.005988023952096)
(1188,3.951183431952663)
(2181,3.5677966101694913)
(1558,1.5)
(2769,3.220779220779221)
(3377,3.5)
(2610,3.8780487804878048)
(610,3.546925566343042)
(335,3.4878048780487805)
(804,2.9785407725321886)
(2943,3.78125)
(977,2.0)
(2732,3.97972972972973)
(2513,2.960655737704918)
(316,3.490143369175627)
(1191,3.062200956937799)
(2398,3.960526315789474)
(26,3.53)
(2618,3.891304347826087)
(3890,3.0)
(585,2.9066985645933014)
(2517,3.062271062271062)
(850,3.6666666666666665)
(1599,1.6417910447761195)
(65,2.062937062937063)
(3568,3.269230769230769)
(2235,2.0)
(2227,3.5238095238095237)
(2144,3.710709318497914)
(1085,3.7786259541984735)
(3701,3.2242063492063493)
(1227,3.863070539419087)
(43,3.4457831325301207)
(535,3.8172757475083055)
(1217,4.26890756302521)
(2715,2.227272727272727)
(3223,3.413793103448276)
(729,3.6666666666666665)
(1771,2.6382978723404253)
(407,2.911917098445596)
(1673,3.769503546099291)
(3515,3.1875)
(309,3.6875)
(2845,1.0)
(528,2.514705882352941)
(104,3.526392961876833)
(159,3.2844827586206895)
(106,3.5833333333333335)
(3031,2.150943396226415)
(2934,2.4)
(1861,3.3333333333333335)
(3751,3.8796087283671934)
(1991,2.702928870292887)
(2249,3.192468619246862)
(2478,3.117750439367311)
(1053,2.914285714285714)
(621,3.7142857142857144)
(24,3.1794871794871793)
(3026,1.5)
(2116,3.3333333333333335)
(240,2.7111111111111112)
(2854,2.3636363636363638)
(2666,3.2142857142857144)
(827,3.0)
(2767,3.08)
(2722,2.8729096989966556)
(3633,3.461756373937677)
(286,3.0)
(3575,3.3333333333333335)
(3032,3.5401785714285716)
(1562,2.257425742574257)
(1655,2.4285714285714284)
(3154,3.5)
(1839,2.260869565217391)
(1749,3.4)
(3077,4.2272727272727275)
(3711,3.212121212121212)
(3717,2.9743150684931505)
(209,2.4615384615384617)
(1300,4.1454545454545455)
(1490,1.8076923076923077)
(412,3.559322033898305)
(1665,2.685)
(3848,3.1)
(80,3.826923076923077)
(716,2.6785714285714284)
(841,3.4)
(2529,3.712564543889845)
(933,4.10158013544018)
(3266,3.655844155844156)
(2927,4.08080808080808)
(3340,2.8028169014084505)
(1721,3.5834411384217333)
(1139,4.0)
(3103,3.0588235294117645)
(684,1.0)
(3008,3.7254901960784315)
(473,2.225165562913907)
(2277,2.0)
(1225,4.251808972503618)
(1248,4.215953307392996)
(1363,2.9732142857142856)
(1323,1.372093023255814)
(1125,3.779220779220779)
(678,4.245098039215686)
(1626,2.5185185185185186)
(1071,3.4)
(2616,2.6826923076923075)
(3370,3.4302325581395348)
(2527,3.4213836477987423)
(3158,3.6363636363636362)
(2941,3.6142857142857143)
(3344,2.6)
(1784,3.9501404494382024)
(1366,3.185185185185185)
(3483,3.011904761904762)
(1177,3.993197278911565)
(840,2.56)
(2496,3.363888888888889)
(128,4.333333333333333)
(1548,2.5)
(86,3.3940677966101696)
(1262,4.376436781609195)
(1561,3.25)
(2917,4.031746031746032)
(1342,2.904580152671756)
(1320,3.037837837837838)
(333,3.502439024390244)
(1864,2.727272727272727)
(3552,3.8469493278179936)
(1950,4.129310344827586)
(1619,3.4281767955801103)
(3161,3.473684210526316)
(3917,3.111111111111111)
(590,3.9152308752584424)
(92,2.340909090909091)
(55,3.066666666666667)
(1474,2.335616438356164)
(2890,3.8070519098922624)
(1410,2.8666666666666667)
(2690,3.7)
(3329,3.814814814814815)
(3728,3.9594594594594597)
(3748,3.0)
(2511,3.8658536585365852)
(3308,3.197278911564626)
(1938,3.9098360655737703)
(606,2.225806451612903)
(1731,1.875)
(1624,2.72)
(3668,3.9157303370786516)
(2687,3.665158371040724)
(3896,3.3184357541899443)
(3469,4.279850746268656)
(3199,3.3472222222222223)
(2839,4.3)
(1348,3.991596638655462)
(1463,3.0294117647058822)
(3726,3.5714285714285716)
(782,2.5517241379310347)
(1455,2.772727272727273)
(3331,2.3142857142857145)
(281,3.648068669527897)
(704,2.3095238095238093)
(1752,2.6553398058252426)
(3823,3.590909090909091)
(3740,3.414383561643836)
(2665,3.4225352112676055)
(690,2.0)
(2378,2.997578692493947)
(1885,3.692434210526316)
(980,2.8)
(3807,3.2735849056603774)
(3637,3.95)
(775,3.2222222222222223)
(1519,3.3333333333333335)
(2913,3.2941176470588234)
(1601,2.72)
(3147,4.154664484451718)
(3855,3.6666666666666665)
(1963,4.051587301587301)
(1392,3.73972602739726)
(2756,3.21875)
(531,3.769230769230769)
(563,3.235294117647059)
(278,2.75)
(2652,2.9215686274509802)
(1703,2.935483870967742)
(2877,3.014218009478673)
(2386,1.9661016949152543)
(865,2.0)
(436,2.652482269503546)
(1211,4.1115702479338845)
(3510,3.7588306942752743)
(2745,3.8951965065502185)
(3553,2.768292682926829)
(1770,3.473684210526316)
(510,2.4047619047619047)
(560,3.625)
(102,1.8166666666666667)
(488,3.3846153846153846)
(2487,2.4285714285714284)
(1867,2.4210526315789473)
(2298,1.8666666666666667)
(3202,1.0)
(2510,3.6666666666666665)
(3241,3.6666666666666665)
(2419,3.2028985507246377)
(1401,3.506172839506173)
(1089,4.13582208101668)
(3533,3.2857142857142856)
(920,3.9974048442906573)
(3893,3.5026833631484795)
(3117,3.3013698630136985)
(3531,3.037037037037037)
(3743,2.5974025974025974)
(867,2.2083333333333335)
(1104,4.225672877846791)
(1271,3.806070826306914)
(2552,2.2162162162162162)
(1383,1.5454545454545454)
(372,3.1542056074766354)
(3880,3.5)
(914,4.154088050314465)
(1648,3.4742268041237114)
(554,2.6153846153846154)
(1121,3.076923076923077)
(3436,2.7890625)
(960,3.45)
(957,3.2432432432432434)
(2469,3.2766798418972334)
(1057,3.5583941605839415)
(169,2.017699115044248)
(2498,2.3333333333333335)
(3479,3.6734317343173433)
(2830,3.5454545454545454)
(95,2.876175548589342)
(905,4.280748663101604)
(601,3.0)
(361,3.421641791044776)
(150,4.073541167066347)
(2859,4.2343096234309625)
(1929,3.7857142857142856)
(3556,3.6310975609756095)
(324,3.9696969696969697)
(3564,1.8046875)
(1265,3.953028972783143)
(3795,3.409090909090909)
(2087,3.65993265993266)
(682,3.5)
(2176,3.8952879581151834)
(2892,2.5)
(3100,3.756019261637239)
(3145,3.359073359073359)
(862,3.6451612903225805)
(759,4.101694915254237)
(137,3.0)
(227,2.6744186046511627)
(53,4.75)
(49,3.740740740740741)
(2543,3.5)
(3611,3.066666666666667)
(1460,2.6808510638297873)
(2183,3.9329608938547485)
(1461,2.574074074074074)
(898,4.3006872852233675)
(2243,3.747782002534854)
(3273,2.733102253032929)
(1596,3.46875)
(3142,3.3846153846153846)
(2405,3.163447251114413)
(3852,3.6971153846153846)
(2562,3.7777777777777777)
(1707,1.8766233766233766)
(1148,4.507936507936508)
(2322,2.9310344827586206)
(874,3.125)
(2239,3.7422680412371134)
(749,2.75)
(1801,3.0434782608695654)
(3529,3.470967741935484)
(1378,3.4181494661921707)
(2465,2.0238095238095237)
(199,3.8119658119658117)
(3204,3.661764705882353)
(1574,2.8666666666666667)
(3845,3.392857142857143)
(216,3.183098591549296)
(129,3.3076923076923075)
(1200,4.125824175824176)
(3287,2.7286821705426356)
(3375,3.3384615384615386)
(3210,3.8374717832957113)
(1315,2.3333333333333335)
(1164,3.6)
(910,4.300480769230769)
(961,3.4782608695652173)
(2289,3.96319018404908)
(949,3.9767441860465116)
(2677,4.056521739130435)
(225,3.173228346456693)
(3459,2.774193548387097)
(354,3.1791044776119404)
(2864,2.8214285714285716)
(322,3.712918660287081)
(996,2.90625)
(3576,3.683098591549296)
(3854,3.65)
(1962,3.8773006134969323)
(1394,4.02092050209205)
(931,3.912621359223301)
(3467,4.021505376344086)
(1933,3.380952380952381)
(1063,3.1538461538461537)
(969,4.251655629139073)
(771,3.7777777777777777)
(674,3.0155440414507773)
(1260,4.3019480519480515)
(391,3.275)
(2313,4.013129102844639)
(1852,2.0)
(550,3.0168539325842696)
(229,3.5)
(44,2.787781350482315)
(509,3.674342105263158)
(483,3.7432432432432434)
(1486,3.142857142857143)
(3653,3.791946308724832)
(2079,3.5714285714285716)
(342,3.6776061776061777)
(1674,3.9961759082217974)
(117,3.632911392405063)
(3015,3.375)
(1906,3.21875)
(2207,2.875)
(1527,3.6405228758169934)
(763,3.0)
(3270,3.285)
(1302,3.9114583333333335)
(3434,2.263157894736842)
(3609,4.0)
(3785,3.0114192495921697)
(2580,3.854771784232365)
(1711,3.2531847133757963)
(2650,2.757575757575758)
(171,3.5698924731182795)
(3656,5.0)
(1276,4.253763440860215)
(3840,2.544642857142857)
(892,3.861842105263158)
(561,3.6153846153846154)
(1659,2.857142857142857)
(2394,3.5716753022452505)
(1384,3.8333333333333335)
(189,3.4)
(3652,3.0)
(3590,2.8588235294117648)
(2801,3.5164835164835164)
(2309,4.5)
(517,3.175392670157068)
(3328,3.843949044585987)
(2146,3.1107954545454546)
(2385,2.5753424657534247)
(2086,3.5517241379310347)
(3756,3.5)
(3203,3.6780684104627768)
(2783,2.6)
(1651,2.8823529411764706)
(2583,3.608510638297872)
(2247,3.0931506849315067)
(2323,3.942857142857143)
(3644,3.3529411764705883)
(3649,3.169491525423729)
(1445,2.173076923076923)
(2275,3.3661971830985915)
(168,2.9502762430939224)
(2269,2.737327188940092)
(1344,3.9224376731301938)
(2758,2.838709677419355)
(2211,3.526315789473684)
(165,3.561212121212121)
(1552,3.2662473794549265)
(2300,4.144376899696049)
(688,2.276995305164319)
(3454,2.697674418604651)
(3824,2.128205128205128)
(337,3.8412698412698414)
(989,5.0)
(452,3.289473684210526)
(714,3.888888888888889)
(1219,4.218527315914489)
(3804,2.5348837209302326)
(1735,3.2015209125475286)
(2972,4.015384615384615)
(3543,3.9225268176400476)
(287,2.9047619047619047)
(1717,2.975824175824176)
(2306,2.488888888888889)
(1431,2.5474137931034484)
(3518,2.8703703703703702)
(2993,3.7054455445544554)
(3698,3.1986301369863015)
(2341,3.272727272727273)
(765,2.6315789473684212)
(3669,2.380281690140845)
(228,2.1538461538461537)
(1609,2.7454545454545456)
(437,2.046875)
(2546,2.940828402366864)
(6,3.8787234042553194)
(3052,3.7128412537917086)
(1454,3.158536585365854)
(427,2.3674698795180724)
(1926,3.1875)
(1695,3.6875)
(2260,2.795918367346939)
(3918,2.802395209580838)
(831,3.85)
(2810,3.926829268292683)
(2337,3.2063492063492065)
(3460,1.0)
(3321,2.0)
(588,3.788304959289415)
(390,3.542372881355932)
(2667,2.6206896551724137)
(2139,3.850948509485095)
(881,2.6233766233766236)
(2361,3.240506329113924)
(1980,2.1538461538461537)
(114,3.090909090909091)
(1858,3.2674418604651163)
(1571,3.9555555555555557)
(3888,4.5)
(3631,2.6666666666666665)
(882,2.711864406779661)
(3327,3.529850746268657)
(3812,3.557894736842105)
(2045,3.4545454545454546)
(2515,1.7884615384615385)
(2774,3.514705882352941)
(469,2.9565217391304346)
(1994,3.6842767295597483)
(1569,3.428048780487805)
(988,3.3768115942028984)
(1581,2.847457627118644)
(2380,2.0306122448979593)
(1007,2.978448275862069)
(42,2.8687782805429864)
(3250,3.401639344262295)
(405,2.123152709359606)
(538,3.8222222222222224)
(3808,4.0227272727272725)
(2157,3.25)
(2688,3.141823444283647)
(2283,2.918032786885246)
(3143,3.696969696969697)
(2182,3.5816326530612246)
(2977,2.911111111111111)
(2217,1.0)
(430,2.4166666666666665)
(1150,3.930379746835443)
(1714,2.0)
(2037,3.537037037037037)
(2223,3.3333333333333335)
(12,2.3625)
(3596,2.533333333333333)
(2094,3.108695652173913)
(277,3.1823529411764704)
(3624,3.6548672566371683)
(1091,2.7935656836461127)
(2813,3.6551724137931036)
(1842,4.0)
(1385,3.2689804772234274)
(3641,2.75)
(314,3.85)
(2853,2.892857142857143)
(3305,4.0)
(3091,4.283687943262412)
(2559,2.5925925925925926)
(3437,2.0)
(3839,2.6382978723404253)
(1013,3.565891472868217)
(2573,3.4166666666666665)
(546,1.8742857142857143)
(1495,1.3181818181818181)
(2692,4.224813432835821)
(558,2.7037037037037037)
(2265,2.0)
(1286,3.585964912280702)
(1437,3.0952380952380953)
(2314,3.1346153846153846)
(932,3.9523809523809526)
(2539,3.3944805194805197)
(3112,3.3714285714285714)
(594,3.8453473132372213)
(1791,2.9622641509433962)
(1503,2.317241379310345)
(1222,4.110845295055821)
(2962,3.4)
(2497,2.835294117647059)
(155,3.413793103448276)
(2417,2.945945945945946)
(3517,4.5)
(1685,3.5)
(2683,3.388423988842399)
(3316,2.7681660899653977)
(3690,2.040983606557377)
(3313,2.25)
(2931,4.3)
(2321,3.6968911917098444)
(581,4.049645390070922)
(2434,3.6333333333333333)
(3694,1.8548387096774193)
(1352,2.851063829787234)
(3765,2.847826086956522)
(964,3.392156862745098)
(1575,3.142857142857143)
(3126,4.0)
(1974,3.0410094637223977)
(3169,3.513833992094862)
(3004,2.4801587301587302)
(2058,3.6082603254067585)
(1892,3.371571072319202)
(1580,3.739952718676123)
(911,4.183006535947713)
(811,3.888888888888889)
(1081,3.6175115207373274)
(2967,3.748031496062992)
(1235,4.164992826398852)
(1728,3.3181818181818183)
(3326,2.8555555555555556)
(299,3.664335664335664)
(504,2.955056179775281)
(121,4.054054054054054)
(502,1.935483870967742)
(1937,3.7301587301587302)
(1078,3.836021505376344)
(2190,2.8461538461538463)
(3206,3.2481203007518795)
(1253,4.141323792486583)
(3027,1.1428571428571428)
(3354,2.5952080706179066)
(707,3.0872727272727274)
(33,3.0)
(3036,3.2298850574712645)
(3132,3.6315789473684212)
(537,3.077294685990338)
(245,3.0)
(496,3.2162162162162162)
(1297,3.7081447963800906)
(486,2.8125)
(2597,2.609375)
(381,3.2606635071090047)
(1415,3.5555555555555554)
(2492,2.856115107913669)
(3246,3.903157894736842)
(1832,4.0)
(1815,2.0)
(1793,2.3846153846153846)
(90,3.6666666666666665)
(1095,3.8844133099824867)
(1128,2.9235294117647057)
(2633,3.537037037037037)
(2464,2.625)
(1179,3.7887005649717516)
(801,3.0991735537190084)
(200,2.4166666666666665)
(2327,2.85)
(2902,2.4207317073170733)
(1480,3.279245283018868)
(532,3.0488431876606685)
(283,3.0)
(1190,3.507575757575758)
(1517,3.7103734439834026)
(1412,3.9)
(821,2.0)
(2979,2.189189189189189)
(1488,2.857638888888889)
(2466,3.4615384615384617)
(3898,2.7333333333333334)
(1772,2.4304347826086956)
(1916,3.505649717514124)
(1186,3.613879003558719)
(2121,2.730612244897959)
(3378,3.25)
(614,2.6666666666666665)
(1888,2.994832041343669)
(3603,3.3333333333333335)
(2080,3.8043981481481484)
(3503,3.4545454545454546)
(2238,3.831168831168831)
(355,2.352059925093633)
(3319,3.107142857142857)
(2532,2.8435754189944134)
(3903,3.5)
(2719,2.3823529411764706)
(50,4.517106001121705)
(329,3.3767676767676766)
(3914,3.3285714285714287)
(1699,3.503225806451613)
(2490,3.5058214747736094)
(448,3.6008771929824563)
(3407,1.6666666666666667)
(1307,4.073341836734694)
(1224,4.286384976525822)
(809,2.5714285714285716)
(3796,3.3846153846153846)
(2615,3.0105820105820107)
(1985,2.4108527131782944)
(1853,2.0)
(2104,3.339622641509434)
(1606,2.3394495412844036)
(3745,3.3813084112149534)
(1357,3.8065693430656933)
(823,3.25)
(264,3.2)
(74,2.975)
(351,3.342412451361868)
(3682,3.6904761904761907)
(2441,3.0384615384615383)
(3632,3.6)
(2984,3.4444444444444446)
(971,4.047970479704797)
(262,3.872093023255814)
(2659,3.1739130434782608)
(2150,3.726618705035971)
(1875,3.402439024390244)
(3534,3.0653465346534654)
(2701,2.158536585365854)
(3212,2.5)
(3707,3.0843881856540083)
(3426,3.1953488372093024)
(851,3.4960629921259843)
(3290,3.0)
(122,2.768041237113402)
(7,3.410480349344978)
(2244,1.8571428571428572)
(3420,3.71356783919598)
(1100,2.807142857142857)
(1780,4.125)
(2240,3.508403361344538)
(1087,3.4444444444444446)
(1008,3.329896907216495)
(2297,3.1070422535211266)
(1436,2.888888888888889)
(958,3.3846153846153846)
(668,4.404255319148936)
(3295,3.5)
(435,2.6060037523452158)
(2551,3.291005291005291)
(3794,3.28099173553719)
(2851,2.443609022556391)
(1244,4.082172701949861)
(3300,3.300738007380074)
(1543,3.2857142857142856)
(2557,3.4)
(2909,4.0)
(3471,4.0144727773949)
(962,3.5454545454545454)
(471,3.631051752921536)
(3806,3.2586206896551726)
(2787,2.9012345679012346)
(3260,3.7291666666666665)
(967,3.260869565217391)
(142,1.0)
(2748,2.051094890510949)
(2024,3.3175675675675675)
(1002,4.25)
(1441,3.444906444906445)
(1713,3.0432900432900434)
(1942,4.033613445378151)
(3153,3.616279069767442)
(2827,2.442073170731707)
(132,2.4945054945054945)
(3860,3.1875)
(2794,2.9220779220779223)
(2177,3.216867469879518)
(1358,4.208156329651657)
(3104,3.8562091503267975)
(1860,3.772727272727273)
(3692,2.293103448275862)
(1754,3.38659793814433)
(1899,3.2)
(2369,2.954761904761905)
(3061,3.88)
(1973,2.181395348837209)
(1221,4.357565011820331)
(357,3.7437145174371453)
(951,4.249370277078086)
(1904,3.4867256637168142)
(3532,3.761904761904762)
(1099,3.9896907216494846)
(3028,3.762589928057554)
(1282,3.904559915164369)
(2285,3.888888888888889)
(1094,3.7314890154597236)
(2578,3.5)
(224,3.3911917098445596)
(371,3.1792452830188678)
(2248,4.017505470459518)
(3910,3.82)
(2717,2.9061946902654867)
(111,4.183870967741935)
(2077,3.4935064935064934)
(2548,2.2285714285714286)
(2960,2.75)
(3355,2.8758389261744965)
(617,3.6470588235294117)
(1798,2.5714285714285716)
(2571,4.315830115830116)
(249,3.7586206896551726)
(3111,3.699530516431925)
(3870,3.857142857142857)
(1291,4.133292383292384)
(330,2.7315436241610738)
(1144,3.75)
(2073,3.6666666666666665)
(3235,3.0)
(1799,3.4131455399061035)
(3925,3.8548387096774195)
(1069,3.9272727272727272)
(2565,3.954301075268817)
(928,4.204663212435233)
(1382,2.779527559055118)
(2251,3.5)
(78,3.26)
(2136,3.1486486486486487)
(3894,3.1904761904761907)
(3165,2.622950819672131)
(896,3.4313725490196076)
(3874,3.0)
(3320,3.511111111111111)
(1902,3.1)
(1943,3.278688524590164)
(3771,3.3973509933774833)
(3884,2.375)
(842,2.589403973509934)
(595,3.8858490566037736)
(120,2.6666666666666665)
(2817,1.64)
(1004,2.6633663366336635)
(181,1.6129032258064515)
(442,2.9921875)
(1715,3.0)
(936,4.075757575757576)
(2876,2.6511627906976742)
(1416,3.25531914893617)
(428,3.931558935361217)
(2195,3.0074074074074075)
(1328,1.84)
(952,3.6022304832713754)
(1663,3.8391891891891894)
(1113,3.0)
(864,3.5833333333333335)
(3172,5.0)
(966,4.0)
(1464,3.3517241379310345)
(2028,4.337353938937053)
(1273,3.9657534246575343)
(1957,3.7965299684542586)
(1067,3.782608695652174)
(2061,3.5714285714285716)
(2185,3.588235294117647)
(3598,3.458100558659218)
(2681,3.604651162790698)
(3789,4.198717948717949)
(154,3.7261904761904763)
(586,3.1348148148148147)
(3724,3.717948717948718)
(2882,2.7966101694915255)
(1038,3.272727272727273)
(3779,3.0)
(1669,3.4594594594594597)
(3351,3.2666666666666666)
(2994,3.5)
(2560,3.111111111111111)
(1675,3.090909090909091)
(3392,1.9363057324840764)
(308,3.9653465346534653)
(1733,3.1097560975609757)
(3243,2.5017064846416384)
(3521,3.877659574468085)
(1021,2.769230769230769)
(1662,2.65)
(2123,2.869767441860465)
(2746,3.3322649572649574)
(1136,4.335209505941213)
(233,3.6127659574468085)
(3519,3.3467336683417086)
(196,2.8236363636363637)
(2293,3.24)
(462,2.642857142857143)
(899,4.2836218375499335)
(1027,3.1627906976744184)
(1258,4.104875804967802)
(1042,3.481060606060606)
(2201,3.4)
(1399,3.201923076923077)
(1129,3.4649321266968327)
(166,2.459016393442623)
(2531,2.8333333333333335)
(2093,2.851449275362319)
(1482,3.3333333333333335)
(1529,3.225806451612903)
(2942,3.0994475138121547)
(3622,3.8333333333333335)
(3214,3.329896907216495)
(3177,2.6011904761904763)
(2381,1.9137931034482758)
(1059,3.4008350730688934)
(2523,2.3095238095238093)
(3842,3.0)
(717,4.0)
(72,3.6344086021505375)
(3876,2.0)
(2875,3.2577319587628866)
(3192,4.083333333333333)
(2961,2.817857142857143)
(2829,2.9554140127388533)
(2008,2.533333333333333)
(2180,3.3275862068965516)
(396,4.0)
(482,3.528409090909091)
(2586,2.96)
(3125,3.515)
(1934,4.012987012987013)
(1450,3.7857142857142856)
(3657,3.6666666666666665)
(2425,3.6206896551724137)
(3424,3.880921895006402)
(788,2.9957805907172994)
(852,3.221138211382114)
(288,3.144285714285714)
(1917,3.191891891891892)
(3638,3.191717791411043)
(3831,3.7204301075268815)
(726,3.0)
(1154,3.7333333333333334)
(623,3.0)
(3700,3.5853658536585367)
(3516,3.7665198237885464)
(2155,3.3146067415730336)
(2262,3.1564417177914113)
(1183,3.609706774519717)
(557,4.5)
(2025,3.3438914027149322)
(3936,3.7232142857142856)
(367,3.279050042408821)
(3593,1.6111111111111112)
(3477,3.044280442804428)
(468,3.2714285714285714)
(1353,3.0851063829787235)
(3208,2.7613636363636362)
(2491,2.739130434782609)
(1054,3.308641975308642)
(3309,3.6666666666666665)
(2863,3.88996138996139)
(2476,3.3466666666666667)
(388,3.6391752577319587)
(3256,3.75)
(3548,3.835766423357664)
(3444,3.225225225225225)
(263,3.857142857142857)
(164,3.5672823218997363)
(915,3.9643835616438357)
(2840,2.899761336515513)
(3337,3.5)
(2209,3.3)
(3844,3.593137254901961)
(3129,3.701388888888889)
(2634,3.247311827956989)
(2724,3.12)
(2870,3.5906735751295336)
(3188,3.7037037037037037)
(1296,3.9964285714285714)
(3190,2.1490683229813663)
(2418,3.0727272727272728)
(2893,2.880952380952381)
(934,3.6578947368421053)
(2772,3.032520325203252)
(820,3.25)
(1538,1.6666666666666667)
(829,2.2900763358778624)
(1880,3.423076923076923)
(2554,3.176470588235294)
(406,3.625)
(3636,2.7777777777777777)
(1686,3.1559633027522938)
(2654,3.7611940298507465)
(304,3.142857142857143)
(605,3.314159292035398)
(2356,2.8958333333333335)
(798,2.7058823529411766)
(363,4.258064516129032)
(1683,3.761467889908257)
(274,2.375)
(457,4.103258145363409)
(302,3.813953488372093)
(1477,3.4444444444444446)
(3680,3.9361702127659575)
(35,3.3142857142857145)
(853,4.0)
(653,3.2254901960784315)
(2439,3.611111111111111)
(22,3.3492063492063493)
(1040,3.0)
(1362,4.03)
(2001,3.5450049455984174)
(3020,3.4522900763358777)
(1825,2.6666666666666665)
(893,3.6956521739130435)
(79,2.6052631578947367)
(3720,3.6666666666666665)
(541,4.273333333333333)
(138,2.5)
(2388,3.466666666666667)
(2998,3.5384615384615383)
(3791,3.066666666666667)
(2117,3.7194244604316546)
(256,2.6513761467889907)
(1541,3.1)
(2463,3.4610526315789474)
(1349,3.0714285714285716)
(512,2.8715083798882683)
(2097,3.488262910798122)
(970,3.4054054054054053)
(1444,3.375)
(2808,2.512)
(198,3.2958677685950413)
(3374,2.6)
(3676,3.4673366834170856)
(2918,4.11744738628649)
(748,3.1510791366906474)
(3466,3.547945205479452)
(2609,4.223880597014926)
(710,2.3333333333333335)
(626,2.263157894736842)
(3769,3.3842105263157896)
(3730,4.249448123620309)
(1023,3.986425339366516)
(141,3.5498533724340176)
(2880,3.4583333333333335)
(3872,3.8333333333333335)
(3592,2.5)
(2355,3.854374633000587)
(681,3.933333333333333)
(387,2.7450980392156863)
(1812,3.477272727272727)
(215,3.80625)
(968,3.6713286713286712)
(2841,3.6262833675564683)
(3400,2.5172413793103448)
(3585,3.8421052631578947)
(2192,3.2857142857142856)
(2330,4.163043478260869)
(3814,4.0228310502283104)
(3744,3.2422802850356294)
(3363,4.026262626262627)
(99,3.46)
(193,2.0506912442396312)
(722,3.814814814814815)
(2640,3.536824877250409)
(3555,3.539647577092511)
(1914,3.8091397849462365)
(1870,3.513888888888889)
(2656,2.774193548387097)
(2793,2.7547169811320753)
(3069,3.8181818181818183)
(3684,3.374301675977654)
(954,4.240208877284595)
(2809,2.55)
(500,3.420047732696897)
(3511,2.590909090909091)
(1115,1.0)
(3133,3.7142857142857144)
(1511,3.5833333333333335)
(223,3.946883852691218)
(1398,3.1904761904761907)
(2951,3.9942528735632186)
(2823,2.5)
(1811,3.6923076923076925)
(268,3.3703703703703702)
(3905,3.875)
(2619,3.0)
(1396,3.7277726856095326)
(2989,3.501176470588235)
(3944,2.111111111111111)
(1886,2.75)
(417,3.485576923076923)
(103,3.212121212121212)
(3688,2.734513274336283)
(2929,3.474418604651163)
(2158,2.6)
(3623,3.1957349581111956)
(3268,1.782122905027933)
(2328,2.8497109826589595)
(597,3.641491395793499)
(3584,2.7674418604651163)
(880,2.200617283950617)
(780,3.5104046242774567)
(2153,1.9965277777777777)
(2770,3.2620320855614975)
(465,3.3142857142857145)
(3384,3.800724637681159)
(492,3.719402985074627)
(443,3.3870967741935485)
(3704,3.1662049861495847)
(1972,1.995)
(2169,2.6769230769230767)
(1868,2.0)
(2268,3.93119698397738)
(3463,1.8)
(1046,4.066666666666666)
(2363,3.318936877076412)
(1688,3.5032894736842106)
(2064,4.0739348370927315)
(2423,3.588349514563107)
(3415,3.8260869565217392)
(1096,3.9767441860465116)
(172,2.576419213973799)
(3294,2.5)
(613,3.6341463414634148)
(1531,3.6363636363636362)
(1676,3.1332760103181427)
(1965,3.6830892143808254)
(2798,1.925)
(774,4.0)
(2007,2.6769230769230767)
(3255,3.6797088262056414)
(3899,1.6666666666666667)
(4,2.7294117647058824)
(3221,3.413793103448276)
(1107,2.0)
(3225,2.6885245901639343)
(3345,3.130434782608696)
(618,2.111111111111111)
(1333,3.882673942701228)
(3389,2.710526315789474)
(1953,4.098722415795587)
(2585,3.8541666666666665)
(1218,4.19672131147541)
(3718,3.3114754098360657)
(127,1.0)
(2621,3.652173913043478)
(642,2.0)
(1923,3.9044493070751276)
(2723,3.0105509964830013)
(3643,3.4356435643564356)
(135,2.81203007518797)
(3547,3.792207792207792)
(2101,3.533333333333333)
(3799,1.62)
(62,3.6968576709796674)
(458,3.2758620689655173)
(177,2.7338129496402876)
(1617,4.219405594405594)
(1783,2.9272727272727272)
(1549,2.6842105263157894)
(2482,3.3333333333333335)
(1372,3.4095904095904097)
(2821,2.6666666666666665)
(2367,2.7572815533980584)
(2070,3.9053030303030303)
(3725,3.0714285714285716)
(2978,2.8446601941747574)
(2196,2.4444444444444446)
(2377,2.9453551912568305)
(3012,3.4)
(3003,3.25)
(2255,2.607594936708861)
(3545,3.9029345372460496)
(600,3.0)
(3889,2.414814814814815)
(891,2.360655737704918)
(3685,3.5926605504587155)
(420,2.5056818181818183)
(2165,3.376146788990826)
(1743,3.909090909090909)
(3261,3.4825174825174825)
(3462,4.2360655737704915)
(734,3.0)
(3476,3.578710644677661)
(163,3.4574074074074073)
(2278,3.5272952853598016)
(3851,3.95)
(3116,2.727272727272727)
(3594,3.302197802197802)
(1908,3.0)
(3485,1.5)
(2391,3.751677852348993)
(1821,3.1943127962085307)
(3030,4.404651162790698)
(1292,4.013536379018612)
(2167,3.477132262051916)
(1257,3.9216101694915255)
(3291,2.0)
(18,3.337579617834395)
(3019,3.920673076923077)
(3010,3.6)
(685,3.3)
(401,3.0)
(2710,3.0315278900565885)
(1498,3.1374045801526718)
(670,4.410714285714286)
(2023,3.3449612403100777)
(529,3.977777777777778)
(2296,2.3819444444444446)
(332,2.546583850931677)
(1547,3.324324324324324)
(1954,3.9433126660761735)
(1305,3.793388429752066)
(1758,3.65)
(1112,3.4285714285714284)
(2662,3.8584070796460175)
(956,3.55)
(3775,3.25)
(3673,2.3225806451612905)
(908,4.38403041825095)
(3752,3.0)
(2131,3.7333333333333334)
(3087,3.4786821705426356)
(158,2.9806949806949805)
(3520,2.5625)
(3414,3.26)
(1605,2.659090909090909)
(1170,1.6470588235294117)
(1905,1.5)
(1252,4.339240506329114)
(2674,2.6923076923076925)
(1704,4.176356589147287)
(328,3.111111111111111)
(1589,3.3597560975609757)
(2828,2.1074380165289255)
(3853,3.5384615384615383)
(2956,3.1347517730496453)
(1279,3.747422680412371)
(2900,2.6832298136645965)
(2566,2.425)
(2246,2.7142857142857144)
(130,4.0)
(3820,1.8108108108108107)
(1231,4.08)
(543,3.3841642228739004)
(673,2.619893428063943)
(1551,2.8333333333333335)
(3695,1.8113207547169812)
(1921,3.7911908646003263)
(3265,4.137614678899083)
(2502,3.8211009174311927)
(1946,3.975609756097561)
(1458,2.8333333333333335)
(3038,4.202702702702703)
(2735,2.89760348583878)
(2105,3.3556701030927836)
(3272,3.2046783625730995)
(3138,3.196969696969697)
(3236,3.5)
(2613,3.096085409252669)
(2743,3.375)
(2734,3.3583690987124464)
(583,3.6785714285714284)
(340,3.2738095238095237)
(3303,3.5)
(1900,4.163934426229508)
(888,2.2083333333333335)
(41,3.958677685950413)
(2006,3.5615462868769074)
(633,3.6)
(1744,2.675324675324675)
(1423,4.357142857142857)
(3501,3.546468401486989)
(1986,2.125984251968504)
(2410,2.8753117206982544)
(3943,3.0520833333333335)
(3034,3.7434402332361514)
(3245,4.8)
(789,3.0)
(2415,2.8)
(2632,3.272727272727273)
(1639,3.7784679089026914)
(2731,4.320855614973262)
(2884,2.5714285714285716)
(2730,3.5502958579881656)
(2712,3.201058201058201)
(16,3.7932551319648096)
(3060,3.8315412186379927)
(3929,3.993197278911565)
(3834,2.8238636363636362)
(2736,3.4355555555555557)
(2426,2.962962962962963)
(2706,3.7098632109431247)
(2301,3.5902964959568733)
(591,2.0)
(5,3.0067567567567566)
(3186,3.4779582366589326)
(2657,3.291159772911598)
(2234,1.875)
(2598,3.016885553470919)
(319,3.8937728937728937)
(3780,3.097560975609756)
(2286,2.511627906976744)
(1612,3.327272727272727)
(1018,3.252032520325203)
(148,2.782608695652174)
(2648,3.9753694581280787)
(567,3.5714285714285716)
(578,4.5)
(3376,1.0)
(542,2.674757281553398)
(303,2.9760765550239237)
(3421,4.053024026512014)
(2737,2.9130434782608696)
(276,2.692982456140351)
(2535,2.8487394957983194)
(702,3.6666666666666665)
(14,3.542483660130719)
(719,2.8619246861924688)
(507,3.522727272727273)
(487,2.6129032258064515)
(1025,3.6109215017064846)
(1621,3.2823529411764705)
(2014,3.1777777777777776)
(3675,3.8265682656826567)
(3761,2.9642857142857144)
(940,3.9735449735449735)
(750,4.4498902706656915)
(1887,2.4833333333333334)
(2162,2.4124293785310735)
(360,2.4960629921259843)
(3282,3.7)
(3572,1.7272727272727273)
(1893,3.761904761904762)
(294,3.0952380952380953)
(1978,2.0789473684210527)
(1047,3.4838709677419355)
(2067,4.065602836879433)
(1413,3.38)
(290,3.9166666666666665)
(766,3.57)
(2444,4.0)
(1017,3.5869565217391304)
(3,3.01673640167364)
(1168,2.0555555555555554)
(3784,3.2363636363636363)
(3821,2.6411290322580645)
(3512,3.6806167400881056)
(1979,2.1785714285714284)
(248,2.9130434782608696)
(1439,2.347826086956522)
(2486,1.7777777777777777)
(3734,3.491228070175439)
(2495,3.6020408163265305)
(3115,3.1636363636363636)
(1909,3.4929718875502007)
(301,3.302325581395349)
(418,2.5172413793103448)
(2600,3.2560975609756095)
(3330,3.759259259259259)
(2237,3.590909090909091)
(965,4.075098814229249)
(1468,2.5625)
(182,3.142857142857143)
(3491,2.9393939393939394)
(955,4.169491525423729)
(697,2.552941176470588)
(1102,2.0)
(2141,3.4282178217821784)
(555,3.9285714285714284)
(735,3.3564356435643563)
(3642,3.076923076923077)
(760,3.515151515151515)
(1614,3.2803738317757007)
(1430,1.0)
(1989,1.4666666666666666)
(1507,3.3333333333333335)
(3049,3.2432432432432434)
(3486,3.1)
(815,2.0)
(1545,4.068493150684931)
(3442,2.3076923076923075)
(607,2.0)
(57,3.404040404040404)
(2638,2.8333333333333335)
(3470,4.326086956521739)
(3836,3.9093333333333335)
(3230,3.6666666666666665)
(724,3.0865384615384617)
(474,3.825102880658436)
(3587,3.0)
(2935,4.1931034482758625)
(3662,2.097826086956522)
(149,3.7872340425531914)
(3881,5.0)
(663,3.4166666666666665)
(2503,4.666666666666667)
(377,3.5654545454545454)
(1304,4.215644820295983)
(1334,3.136094674556213)
(1983,2.753846153846154)
(635,3.6233766233766236)
(1964,3.80794701986755)
(1690,2.958921694480103)
(3599,3.6310679611650487)
(3107,3.440736478711162)
(1694,3.7261146496815285)
(438,2.625)
(737,2.03)
(1473,2.825)
(3349,3.4)
(2773,2.9285714285714284)
(2682,4.056818181818182)
(639,2.6153846153846154)
(959,3.7413793103448274)
(918,3.7936507936507935)
(2257,2.9411764705882355)
(3099,3.238095238095238)
(3315,2.0)
(1199,4.097480832420591)
(1945,4.269749518304431)
(3175,3.771412037037037)
(3045,3.093220338983051)
(1722,3.4419953596287702)
(1354,3.8239700374531833)
(3835,2.707865168539326)
(2711,3.5625)
(1680,3.790948275862069)
(743,2.5700934579439254)
(3224,4.0519480519480515)
(705,3.8333333333333335)
(1135,3.189189189189189)
(1035,3.931972789115646)
(2455,3.4407096171802056)
(3413,3.5)
(349,3.7261567516525025)
(866,3.8234265734265733)
(982,3.6790123456790123)
(1535,3.4854368932038833)
(1393,3.7590539541759056)
(429,2.379679144385027)
(2814,2.625)
(1287,4.110795454545454)
(1284,4.312384473197782)
(2894,2.625)
(1058,3.272727272727273)
(644,2.0)
(3670,3.6666666666666665)
(3878,2.8333333333333335)
(2026,2.68944099378882)
(666,3.3333333333333335)
(2099,3.6018099547511313)
(1247,4.245836637589215)
(3435,4.415607985480944)
(1359,2.4774774774774775)
(2653,2.761904761904762)
(2575,4.0)
(1971,2.239669421487603)
(19,2.480719794344473)
(2266,2.871794871794872)
(3719,3.022222222222222)
(665,3.657142857142857)
(939,3.1818181818181817)
(1479,3.197158081705151)
(2966,4.055944055944056)
(273,2.8975409836065573)
(3160,3.8939802336028753)
(3171,3.92)
(3681,3.916923076923077)
(1579,3.0)
(1212,4.452083333333333)
(3759,3.257142857142857)
(3174,3.48512585812357)
(2658,3.090909090909091)
(1729,3.6892265193370166)
(94,3.7252747252747254)
(631,2.08)
(2777,2.0)
(584,4.0)
(295,2.7586206896551726)
(2660,3.8962962962962964)
(389,3.7)
(1563,3.6)
(1919,3.1724137931034484)
(3509,2.847826086956522)
(615,4.044776119402985)
(1948,3.8585858585858586)
(1044,3.2857142857142856)
(863,3.5)
(2475,3.3)
(1026,3.625)
(2499,3.5384615384615383)
(1593,2.8641975308641974)
(2608,2.6)
(876,2.857142857142857)
(1877,2.5)
(1189,4.25278810408922)
(3342,3.8565022421524664)
(877,3.2916666666666665)
(2103,3.081081081081081)
(3492,3.5714285714285716)
(3062,3.971590909090909)
(3691,2.5714285714285716)
(3738,3.4545454545454546)
(2622,3.3493975903614457)
(2926,3.350561797752809)
(2921,3.8832807570977916)
(2939,3.5)
(423,3.1085972850678734)
(1755,3.533333333333333)
(255,2.0606060606060606)
(230,3.4527220630372493)
(280,3.5707547169811322)
(2197,4.181818181818182)
(3772,1.6666666666666667)
(3013,2.8923076923076922)
(1149,3.5)
(1408,3.8133333333333335)
(1388,2.5891891891891894)
(3741,4.078838174273859)
(3135,3.948717948717949)
(2887,2.25)
(1426,2.5217391304347827)
(2178,3.663157894736842)
(2447,3.0601503759398496)
(3364,3.9271523178807946)
(2896,3.3214285714285716)
(1550,2.704225352112676)
(1769,3.1379310344827585)
(3014,2.9183673469387754)
(651,2.0)
(1088,3.3114992721979624)
(3341,4.03954802259887)
(1533,3.875)
(3536,3.7484662576687118)
(3042,1.5538461538461539)
(3817,3.1875)
(1739,1.3617021276595744)
(2331,3.223463687150838)
(341,3.838709677419355)
(1940,3.89010989010989)
(1293,4.141579731743666)
(2287,3.4392857142857145)
(2081,3.756521739130435)
(3194,3.3045454545454547)
(1281,4.032407407407407)
(3197,3.302788844621514)
(2784,3.2063492063492065)
(1876,3.166480446927374)
(2035,3.1052631578947367)
(1283,4.1786600496277915)
(2063,2.5)
(3082,3.379350348027842)
(2778,2.5517241379310347)
(220,1.8214285714285714)
(2581,3.168269230769231)
(2047,3.1818181818181817)
(3162,2.4761904761904763)
(3286,2.2131147540983607)
(2344,3.4228855721393034)
(1692,2.55)
(2819,4.040752351097178)
(2775,3.2857142857142856)
(369,3.310344827586207)
(3773,2.818713450292398)
(2733,2.44)
(582,3.0)
(1788,3.956043956043956)
(3617,3.2673031026252985)
(1927,4.1940298507462686)
(2440,3.3617021276595747)
(2437,3.6470588235294117)
(3387,2.722543352601156)
(792,4.0)
(1086,4.079155672823219)
(2713,2.501187648456057)
(3621,1.6666666666666667)
(3071,3.764525993883792)
(926,4.255583126550868)
(2868,2.3015873015873014)
(3934,3.0357142857142856)
(530,3.5)
(2691,2.95)
(1037,2.6601626016260163)
(1084,4.096209912536443)
(204,2.9211822660098523)
(3892,2.7)
(2340,3.252906976744186)
(1635,3.8007889546351086)
(3920,3.712121212121212)
(2412,2.102189781021898)
(2825,2.75)
(446,4.082677165354331)
(3285,2.702127659574468)
(1573,3.4011259676284307)
(692,2.1132075471698113)
(3927,3.5804597701149423)
(2901,3.203030303030303)
(1510,2.5)
(2709,3.1767241379310347)
(2068,3.8828125)
(1878,2.0)
(3092,4.0)
(3879,2.7847222222222223)
(3094,3.8514851485148514)
(1380,3.5777233782129745)
(3371,3.7083333333333335)
(2753,3.491228070175439)
(2847,3.909090909090909)
(3731,3.395348837209302)
(1269,4.168154761904762)
(3919,2.2298850574712645)
(1956,3.990138067061144)
(1153,3.4285714285714284)
(1724,3.0)
(3408,3.863878326996198)
(1466,3.7955493741307373)
(736,3.1738738738738737)
(1485,3.5)
(1264,4.054474708171206)
(3645,3.611111111111111)
(2807,1.7582417582417582)
(2738,3.4556962025316458)
(3554,3.453781512605042)
(3475,3.962686567164179)
(235,3.696871628910464)
(211,3.5588235294117645)
(1167,2.893617021276596)
(3357,3.766990291262136)
(1268,3.4858044164037856)
(162,4.063136456211812)
(144,3.392609699769053)
(1730,3.727272727272727)
(2766,3.515151515151515)
(1215,3.804232804232804)
(2212,3.8359375)
(2695,2.1818181818181817)
(2050,2.5384615384615383)
(776,3.0)
(2786,2.4166666666666665)
(2456,2.313380281690141)
(3921,2.6382978723404253)
(2031,3.027027027027027)
(27,2.9344262295081966)
(404,3.75)
(1483,2.7588652482269502)
(3526,3.7694204685573367)
(1556,1.8719346049046321)
(3011,3.610738255033557)
(338,2.8823529411764706)
(2106,3.2972972972972974)
(519,1.9405940594059405)
(3213,3.560344827586207)
(2643,1.8885542168674698)
(3156,2.906005221932115)
(376,3.2457142857142856)
(157,2.732620320855615)
(307,4.098765432098766)
(1299,4.248633879781421)
(1594,3.778501628664495)
(1922,3.423076923076923)
(2788,4.137472283813747)
(2302,3.7845303867403315)
(2642,2.336594911937378)
(2349,3.6107784431137726)
(3710,2.254054054054054)
(2545,2.8333333333333335)
(839,2.214814814814815)
(3858,3.1594202898550723)
(1990,1.6875)
(36,3.9579741379310347)
(648,3.432874918140144)
(643,2.0)
(3347,3.981132075471698)
(3078,3.6516129032258067)
(2371,3.5943238731218696)
(3464,2.45)
(3705,2.5842105263157893)
(3846,3.1449275362318843)
(3284,3.7333333333333334)
(1171,3.7349397590361444)
(2147,2.54978354978355)
(2078,3.816265060240964)
(987,2.9)
(1029,3.688380281690141)
(3409,3.272331154684096)
(2443,3.5952380952380953)
(3248,2.5396039603960396)
(2325,3.134453781512605)
(662,2.984375)
(2411,2.6453333333333333)
(1142,1.0)
(1836,3.311111111111111)
(232,4.07514450867052)
(2193,3.4962593516209477)
(2933,3.4444444444444446)
(1518,3.42090395480226)
(3258,2.752212389380531)
(916,4.216470588235294)
(243,2.1)
(3665,1.7307692307692308)
(3763,3.570613409415121)
(1232,3.6346153846153846)
(946,3.8509316770186337)
(1006,3.08974358974359)
(3755,3.351431391905232)
(3566,3.3717105263157894)
(3689,2.0425531914893615)
(2500,2.596638655462185)
(3935,3.0)
(886,2.9423076923076925)
(1995,2.423076923076923)
(2449,1.53125)
(730,1.0)
(611,2.4722222222222223)
(1119,3.2058823529411766)
(2445,2.7972972972972974)
(495,3.380952380952381)
(2161,3.6051502145922747)
(3810,3.1325301204819276)
(25,3.6510204081632653)
(1245,4.005586592178771)
(3629,4.189090909090909)
(612,2.4050632911392404)
(3825,2.7611940298507465)
(3281,4.040816326530612)
(803,3.6842105263157894)
(3325,2.33125)
(1068,3.6857142857142855)
(1203,4.295454545454546)
(2128,3.32)
(559,3.0)
(1816,2.9603960396039604)
(2971,3.823343848580442)
(1767,3.0)
(741,4.089171974522293)
(3072,3.7871690427698574)
(472,2.7045454545454546)
(3811,4.102777777777778)
(2516,1.8444444444444446)
(3916,3.9244851258581237)
(3602,2.979591836734694)
(2871,3.9410150891632374)
(2218,2.0)
(3939,1.9615384615384615)
(3902,3.125)
(3280,5.0)
(1012,3.7043189368770766)
(501,3.606382978723404)
(71,2.1041666666666665)
(2252,3.0161290322580645)
(3209,1.0)
(1295,3.5676691729323307)
(3119,1.6666666666666667)
(679,3.5)
(477,3.466666666666667)
(441,3.6936236391912907)
(2757,3.8222222222222224)
(3148,3.952180028129395)
(275,2.5375)
(2542,3.8976)
(205,3.611764705882353)
(2436,3.5901639344262297)
(447,2.4838709677419355)
(3581,2.7857142857142856)
(2504,2.883977900552486)
(3849,4.046511627906977)
(1598,2.7117117117117115)
(1645,3.4358353510895885)
(1911,2.9297912713472485)
(2215,3.5)
(98,2.0)
(3205,2.25)
(3102,3.6434426229508197)
(2944,4.0042432814710045)
(1476,3.4869739478957915)
(1660,3.569832402234637)
(2263,3.1028571428571428)
(1820,2.0)
(421,3.3617021276595747)
(2416,3.1497175141242937)
(2462,1.8333333333333333)
(2124,3.169467787114846)
(2822,3.049429657794677)
(708,3.434462444771723)
(3891,1.7142857142857142)
(664,3.0)
(577,2.963636363636364)
(3850,2.923076923076923)
(3403,2.78125)
(596,3.751004016064257)
(1992,2.112781954887218)
(3686,3.2542372881355934)
(2668,2.5347985347985347)
(2763,3.6418732782369148)
(1428,3.25)
(3461,3.6657223796033995)
(3093,3.6971153846153846)
(2514,2.060344827586207)
(1449,4.147186147186147)
(3793,3.8206485771012573)
(1169,3.7222222222222223)
(2126,2.7454545454545456)
(293,4.106175514626218)
(1862,2.0505050505050506)
(2804,4.238905325443787)
(87,2.210526315789474)
(2039,1.0)
(101,3.869565217391304)
(77,3.764705882352941)
(878,4.0)
(1497,2.0833333333333335)
(1542,3.542016806722689)
(3866,3.1666666666666665)
(34,3.8914905768132497)
(2768,3.230769230769231)
(2987,3.6798221234018897)
(755,3.7777777777777777)
(2520,3.1452513966480447)
(2107,2.6884422110552766)
(2883,3.5487364620938626)
(2075,3.740740740740741)
(2018,3.738539898132428)
(1339,3.34375)
(3640,3.4166666666666665)
(1643,3.8754716981132074)
(88,2.9427083333333335)
(1022,3.755632582322357)
(3189,3.6433333333333335)
(3064,2.5)
(61,3.0)
(3819,4.024489795918368)
(2614,1.9318181818181819)
(1586,3.0520646319569122)
(241,3.310344827586207)
(1024,3.246031746031746)
(2320,3.106951871657754)
(1514,2.7142857142857144)
(725,2.791208791208791)
(279,3.717391304347826)
(15,2.458904109589041)
(895,1.0)
(3198,4.073846153846154)
(2472,2.978494623655914)
(700,3.3241379310344827)
(3465,2.7777777777777777)
(1152,3.4827586206896552)
(1779,2.6635859519408505)
(2988,3.638888888888889)
(234,2.2244897959183674)
(194,3.755868544600939)
(1526,2.465909090909091)
(1993,1.8969072164948453)
(3841,2.7549019607843137)
(1604,2.753846153846154)
(3299,2.2954545454545454)
(2109,3.743455497382199)
(3179,3.4133333333333336)
(1036,4.121848739495798)
(3542,3.0)
(467,3.2037037037037037)
(1944,4.096153846153846)
(410,2.9071274298056156)
(1192,4.0285714285714285)
(769,3.25)
(2089,3.196652719665272)
(73,3.8169642857142856)
(3887,3.0)
(2607,4.088235294117647)
(1884,3.3456375838926173)
(64,2.2658227848101267)
(3446,3.41025641025641)
(3502,3.5113636363636362)
(3488,2.0)
(2187,3.576923076923077)
(2570,3.5980392156862746)
(859,2.0)
(3754,2.495145631067961)
(2803,3.2745664739884393)
(2974,1.835820895522388)
(2948,3.8897535667963683)
(1863,2.2183098591549295)
(2420,3.417849898580122)
(520,2.93048128342246)
(2806,2.6331658291457285)
(875,3.3863636363636362)
(1116,3.411764705882353)
(3422,3.4)
(69,3.6551724137931036)
(1499,2.200501253132832)
(3417,3.589041095890411)
(3046,3.4941176470588236)
(3022,4.368932038834951)
(1322,1.71875)
(3758,2.7583333333333333)
(368,3.5236907730673317)
(3897,4.22635814889336)
(2396,4.127479949345715)
(3550,3.43125)
(1785,3.388888888888889)
(1897,3.5037593984962405)
(3826,2.5382716049382714)
(3639,3.629067245119306)
(3753,3.7451612903225806)
(3937,2.9407407407407407)
(3809,3.397796817625459)
(3715,2.4545454545454546)
(1165,1.0)
(1872,3.2)
(119,2.4615384615384617)
(552,3.2400756143667295)
(257,3.2280701754385963)
(935,3.6338028169014085)
(2728,4.018779342723005)
(2718,3.1305483028720626)
(2999,4.0)
(3567,3.4)
(1034,3.6449704142011834)
(3106,3.24)
(226,2.0)
(1391,2.9003724394785846)
(3216,3.3333333333333335)
(553,3.8734177215189876)
(943,3.982456140350877)
(46,3.108433734939759)
(1725,3.739130434782609)
(1079,3.971342383107089)
(1132,4.259090909090909)
(2133,3.2754158964879854)
(1792,3.171875)
(440,3.811181434599156)
(1263,4.11)
(3597,2.72972972972973)
(2032,2.925)
(3334,4.082429501084599)
(2635,3.032258064516129)
(1975,2.426900584795322)
(1134,3.0)
(3251,3.380434782608696)
(1997,3.9559322033898305)
(3201,3.9526462395543174)
(491,3.3160377358490565)
(2413,3.2483069977426635)
(3432,2.263888888888889)
(2038,2.904040404040404)
(826,1.0)
(2764,3.6)
(54,2.5609756097560976)
(3352,2.6666666666666665)
(59,2.75)
(31,3.1134751773049647)
(2850,2.7142857142857144)
(3152,3.9717514124293785)
(2889,3.4355400696864113)
(1241,3.357142857142857)
(3802,2.4177631578947367)
(999,3.2832167832167833)
(1066,4.1657142857142855)
(3782,2.727272727272727)
(3323,3.0)
(2083,3.6068702290076335)
(489,2.4742268041237114)
(105,3.2325581395348837)
(1814,3.36)
(1824,3.3653846153846154)
(837,3.477064220183486)
(3818,2.4285714285714284)
(3530,4.0)
(3659,3.210526315789474)
(3615,3.217391304347826)
(3742,3.97008547008547)
(2928,3.3376623376623376)
(2334,3.1243523316062176)
(2284,3.7906976744186047)
(2276,3.7142857142857144)
(3703,3.6740812379110253)
(904,4.476190476190476)
(2702,3.070886075949367)
(1331,3.18)
(3176,3.503380916604057)
(1337,3.5625)
(1003,2.9421487603305785)
(3419,3.1538461538461537)
(608,4.254675686430561)
(3096,3.956989247311828)
(2140,3.652112676056338)
(574,3.4457142857142857)
(925,3.25)
(1251,4.105263157894737)
(1608,3.5882899628252787)
(2995,2.30791788856305)
(3390,1.6666666666666667)
(990,2.574074074074074)
(2484,2.0)
(382,2.9338235294117645)
(1367,3.0467032967032965)
(1666,2.6)
(993,3.111111111111111)
(1205,3.380952380952381)
(2324,4.329861111111111)
(1316,4.0)
(1442,3.0985915492957745)
(1365,3.8448275862068964)
(1356,3.7091603053435116)
(3524,3.4269662921348316)
(2404,2.3421926910299002)
(1345,3.6049382716049383)
(2524,3.018796992481203)
(1051,3.4183673469387754)
(3539,3.8461538461538463)
(456,4.0)
(1882,2.3246492985971945)
(289,3.3417721518987342)
(2401,3.769230769230769)
(3233,5.0)
(3931,2.037037037037037)
(3439,2.1274900398406373)
(2991,3.5924170616113744)
(2179,3.1538461538461537)
(2721,3.764705882352941)
(375,3.2941176470588234)
(1641,3.872393661384487)
(2569,3.7777777777777777)
(2669,3.7383177570093458)
(1582,3.1666666666666665)
(3137,3.8125)
(3612,3.6333333333333333)
(3573,1.4615384615384615)
(48,2.9764397905759163)
(2789,2.993939393939394)
(2295,3.810810810810811)
(1031,3.479623824451411)
(854,3.625)
(1427,2.2941176470588234)
(3608,3.40534262485482)
(202,2.5)
(1425,3.2916666666666665)
(2727,3.46875)
(3066,3.7010309278350517)
(2834,3.5555555555555554)
(551,3.717871485943775)
(1294,4.124658780709736)
(1931,4.0311111111111115)
(906,4.096256684491979)
(1805,3.4456869009584663)
(549,3.821656050955414)
(1918,3.14050822122571)
(2305,3.48)
(3047,3.5555555555555554)
(3410,4.333333333333333)
(1513,3.0463576158940397)
(2970,3.9591836734693877)
(2611,3.910958904109589)
(652,2.888888888888889)
(236,3.303680981595092)
(580,3.2419354838709675)
(1567,3.4444444444444446)
(3713,3.7411764705882353)
(1668,2.5384615384615383)
(459,2.832167832167832)
(2335,2.926190476190476)
(2572,3.422857142857143)
(2055,2.8333333333333335)
(861,3.5128205128205128)
(1250,4.386993603411514)
(3580,3.0689655172413794)
(913,4.395973154362416)
(3478,3.330827067669173)
(3729,3.4144144144144146)
(1764,3.0)
(125,3.8333333333333335)
(3833,2.5357142857142856)
(1407,3.5756207674943568)
(3495,3.75)
(2424,3.380668257756563)
(3362,3.969934640522876)
(3005,3.3765625)
(1939,4.122881355932203)
(3696,2.5538461538461537)
(2741,3.0163934426229506)
(1005,2.3732394366197185)
(2907,2.4460093896713615)
(1718,2.5714285714285716)
(791,3.5)
(1332,2.911764705882353)
(2041,2.668965517241379)
(2932,3.957627118644068)
(2233,1.6)
(2940,4.009345794392523)
(3487,3.7205882352941178)
(173,2.3085106382978724)
(3618,3.3712737127371275)
(3885,3.1153846153846154)
(350,3.392233009708738)
(2264,2.5903614457831323)
(513,3.1194029850746268)
(2525,2.235294117647059)
(1145,2.5)
(573,3.5238095238095237)
(1671,3.1818181818181817)
(2816,1.864864864864865)
(1746,2.7636363636363637)
(2750,3.6982456140350877)
(1501,2.611111111111111)
(746,4.0)
(3386,3.755291005291005)
(1076,4.0)
(2020,3.9715394566623545)
(3787,3.857142857142857)
(2051,2.5544554455445545)
(3218,3.1875)
(463,2.74468085106383)
(2505,2.863970588235294)
(3396,3.8561827956989245)
(3416,3.9411764705882355)
(1351,3.4)
(107,3.1484375)
(1857,3.0833333333333335)
(1532,2.6666666666666665)
(3185,3.4120603015075375)
(2329,4.2265625)
(3770,3.470414201183432)
(2760,3.4285714285714284)
(1196,4.292976588628763)
(2172,3.25)
(2574,2.6683417085427137)
(948,3.753846153846154)
(1732,3.7383773928896993)
(475,3.9006410256410255)
(2805,2.8683035714285716)
(3873,3.6678571428571427)
(2507,2.9814814814814814)
(2879,3.4634146341463414)
(1220,3.9395973154362416)
(3453,2.4831460674157304)
(2431,3.1371308016877637)
(2013,3.454983922829582)
(3404,3.452054794520548)
(695,3.1777777777777776)
(2811,4.0)
(3310,3.7903225806451615)
(2781,3.1746031746031744)
(1960,3.9764150943396226)
(1592,2.4910714285714284)
(2206,4.0119760479041915)
(2290,3.28099173553719)
(1613,2.9)
(521,3.3675213675213675)
(1652,3.25)
(3050,3.125)
(628,3.8969072164948453)
(2267,2.945945945945946)
(3474,3.1875)
(3150,3.683333333333333)
(3385,2.5531914893617023)
(147,3.541436464088398)
(1679,1.9583333333333333)
(3863,3.2613981762917934)
(312,2.4375)
(1901,4.0)
(58,4.093812375249501)
(1762,2.73568281938326)
(2626,3.5714285714285716)
(2925,4.228070175438597)
(1341,2.849056603773585)
(3322,2.75)
(3490,2.6470588235294117)
(808,3.395348837209302)
(1750,2.1904761904761907)
(786,3.123913043478261)
(81,3.1626506024096384)
(640,2.676056338028169)
(291,2.2083333333333335)
(2435,3.080808080808081)
(3238,2.134831460674157)
(426,3.0817843866171004)
(1475,3.1481481481481484)
(3039,3.828367103694875)
(1640,2.5357142857142856)
(212,1.9285714285714286)
(188,3.221052631578947)
(1520,2.466666666666667)
(900,3.8513119533527695)
(1321,3.7522768670309654)
(3311,3.787878787878788)
(2536,1.8918918918918919)
(3606,3.940828402366864)
(1539,2.8181818181818183)
(3006,4.0588235294117645)
(3830,2.88)
(85,3.402061855670103)
(3120,3.0153846153846153)
(1629,3.018348623853211)
(3382,5.0)
(2408,2.528957528957529)
(994,4.095555555555555)
(310,2.6666666666666665)
(3737,4.0)
(2359,3.879089615931721)
(2540,3.032051282051282)
(3090,4.141242937853107)
(3843,2.6333333333333333)
(526,2.5)
(2427,3.398505603985056)
(1429,3.3063973063973062)
(187,3.238095238095238)
(847,1.8571428571428572)
(1360,3.5)
(2390,3.690909090909091)
(3484,2.728476821192053)
(1958,3.607547169811321)
(2501,4.137755102040816)
(1181,2.9)
(2168,3.0759493670886076)
(2122,2.4463519313304722)
(2704,3.073170731707317)
(3588,3.3333333333333335)
(2040,2.9453125)
(1682,3.861691542288557)
(1050,3.8219178082191783)
(1678,3.829113924050633)
(3366,3.811320754716981)
(1611,3.3516949152542375)
(1968,3.8797920727745288)
(2088,2.59447983014862)
(1961,4.053383458646617)
(1472,3.25)
(3591,3.4076433121019107)
(830,2.952542372881356)
(3075,3.9855072463768115)
(2522,2.3544303797468356)
(1163,2.9473684210526314)
(1206,4.0781122864117165)
(1254,4.289183222958058)
(3423,2.918918918918919)
(1411,3.9581151832460733)
(1496,3.16)
(2159,3.4794520547945207)
(2528,3.4696485623003195)
(38,2.8214285714285716)
(422,3.1228070175438596)
(1622,2.4)
(1843,3.0)
(2470,3.4265350877192984)
(3307,4.387453874538745)
(392,2.8)
(598,4.25)
(602,4.121951219512195)
(1379,2.907859078590786)
(242,3.5)
(2912,3.679324894514768)
(1907,3.742857142857143)
(1062,2.5)
(2686,3.9622641509433962)
(3472,1.75)
(3468,4.24)
(2091,2.849462365591398)
(511,3.1052631578947367)
(3563,1.9230769230769231)
(909,4.127098321342926)
(757,3.75)
(2755,2.6774193548387095)
(3395,2.8363636363636364)
(2110,3.2643051771117166)
(669,4.173913043478261)
(3805,2.7941176470588234)
(3136,3.0)
(3105,3.7808823529411764)
(3868,3.680635838150289)
(2533,3.041036717062635)
(992,2.6)
(2594,3.9516129032258065)
(972,3.1666666666666665)
(2577,3.2857142857142856)
(2205,3.515151515151515)
(3089,4.357142857142857)
(762,2.184563758389262)
(3157,3.15)
(3664,1.6851851851851851)
(1672,3.5700934579439254)
(1032,3.697142857142857)
(2421,2.6771488469601676)
(370,2.8980582524271843)
(1329,2.6666666666666665)
(1285,3.8156911581569117)
(2982,2.1052631578947367)
(3527,3.653816499614495)
(180,3.5476718403547673)
(2279,2.7168141592920354)
(781,3.378640776699029)
(2256,2.375)
(2310,3.798507462686567)
(1894,2.910828025477707)
(3447,3.7222222222222223)
(902,3.908284023668639)
(1777,3.4895489548954894)
(252,3.2697547683923704)
(1845,3.750830564784053)
(2433,3.3594771241830066)
(2019,4.560509554140127)
(761,2.7886178861788617)
(2272,3.455357142857143)
(1787,3.5)
(3220,2.0)
(3634,4.254545454545455)
(2210,3.7037037037037037)
(3857,2.6666666666666665)
(3388,2.7181208053691277)
(3813,3.289156626506024)
(1873,3.7606177606177607)
(362,3.3640167364016738)
(860,3.6)
(2393,3.34820322180917)
(1951,3.6948356807511735)
(183,3.4827586206896552)
(1064,2.8947368421052633)
(23,2.857142857142857)
(566,2.923076923076923)
(787,5.0)
(810,1.4666666666666666)
(3016,3.1588366890380315)
(2641,3.1643026004728134)
(2166,3.5208333333333335)
(1097,3.9651828999559275)
(1642,3.054054054054054)
(449,3.6619718309859155)
(1615,3.6211453744493394)
(2976,3.0718132854578095)
(413,2.5306122448979593)
(3716,2.373134328358209)
(3196,4.228426395939087)
(2457,3.382239382239382)
(2776,3.769230769230769)
(3722,2.0)
(1998,1.7699115044247788)
(2372,2.966386554621849)
(592,3.6009783368273935)
(3044,3.855917667238422)
(907,3.9238095238095236)
(2672,3.1892583120204603)
(1213,4.275196137598069)
(2043,3.2721518987341773)
(869,3.0952380952380953)
(3118,3.5303030303030303)
(251,3.2777777777777777)
(1854,3.0208333333333335)
(3514,3.161290322580645)
(1138,3.857142857142857)
(732,2.8333333333333335)
(3079,3.882758620689655)
(3431,2.6705882352941175)
(3372,3.5535714285714284)
(2281,3.4545454545454546)
(416,2.4269662921348316)
(2184,3.598639455782313)
(1330,3.0)
(2591,2.0)
(3441,3.2757894736842106)
(2459,3.222672064777328)
(885,2.5813953488372094)
(1830,5.0)
(2835,2.5357142857142856)
(1093,3.4073529411764705)
(282,3.2232558139534886)
(100,3.0625)
(658,3.0)
(3549,3.792307692307692)
(941,3.704761904761905)
(2343,2.0)
(2663,3.0754716981132075)
(2526,2.366412213740458)
(3901,2.650943396226415)
(3607,5.0)
(2312,3.8277945619335347)
(2448,2.3492063492063493)
(3671,4.047363717605005)
(2891,3.4918918918918918)
(2538,3.6)
(1417,2.7674418604651163)
(3557,2.896551724137931)
(3706,3.404017857142857)
(3507,4.033419023136247)
(3702,3.6641651031894935)
(84,3.0952380952380953)
(1204,4.401925391095066)
(3822,3.757142857142857)
(1361,4.213836477987422)
(3187,3.0)
(2782,3.5046728971962615)
(3267,3.6873706004140785)
(2975,3.036036036036036)
(336,2.6842105263157894)
(3913,2.90625)
(1661,3.1931818181818183)
(3037,4.04399323181049)
(1335,1.7142857142857142)
(1773,2.5)
(1681,2.1791044776119404)
(3595,3.0)
(953,4.299039780521262)
(2202,3.943661971830986)
(1588,3.083044982698962)
(1303,4.129032258064516)
(703,1.6)
(747,2.0)
(2509,2.7777777777777777)
(2308,2.0)
(3778,2.8333333333333335)
(524,3.615546218487395)
(2749,3.218390804597701)
(373,3.856589147286822)
(2044,2.5384615384615383)
(3397,3.7374301675977653)
(1080,4.018358531317495)
(2316,2.983050847457627)
(518,2.4563758389261743)
(2848,3.951219512195122)
(2844,3.180722891566265)
(2620,3.6944444444444446)
(358,3.1702127659574466)
(2797,3.8558014755197854)
(444,2.2962962962962963)
(800,4.082539682539682)
(1702,2.552980132450331)
(3746,3.8550724637681157)
(3947,3.4727272727272727)
(796,3.3333333333333335)
(1103,3.9228855721393034)
(3101,3.669576059850374)
(385,3.4)
(2969,3.912087912087912)
(13,3.2626262626262625)
(522,3.566265060240964)
(2364,2.7768595041322315)
(2294,3.483720930232558)
(29,4.062034739454094)
(2200,2.5)
(1976,1.979899497487437)
(2493,4.142857142857143)
(2852,3.7378048780487805)
(756,3.0)
(320,3.40625)
(2027,2.449612403100775)
(380,3.6342857142857143)
(3537,3.323529411764706)
(213,4.056910569105691)
(139,4.0)
(2860,3.2578125)
(305,2.5039370078740157)
(497,4.0)
(3801,4.231155778894473)
(2016,2.6605504587155964)
(3048,2.352112676056338)
(807,3.0)
(2790,2.6557377049180326)
(239,2.875)
(1879,3.909090909090909)
(1336,2.2363636363636363)
(2874,3.5223880597014925)
(3489,3.018005540166205)
(3254,2.884526558891455)
(2747,3.311797752808989)
(696,3.25)
(1587,3.4213286713286712)
(3399,3.1264367816091956)
(1270,3.9903213317847466)
(3932,3.75)
(3086,3.580246913580247)
(1794,3.4304635761589406)
(1061,3.550802139037433)
(2553,3.356164383561644)
(1924,2.6345381526104417)
(942,4.2020547945205475)
(1422,3.0249110320284696)
(570,3.217391304347826)
(2655,1.7659574468085106)
(415,2.4804469273743015)
(603,3.0)
(627,3.603305785123967)
(3131,3.5)
(3264,3.091796875)
(927,3.9761904761904763)
(1240,4.152049571020019)
(2056,3.5)
(1459,3.357894736842105)
(991,3.523529411764706)
(11,3.7938044530493706)
(1647,2.8777777777777778)
(3945,1.4883720930232558)
(2831,3.25)
(2004,2.513440860215054)
(2358,4.0)
(3181,3.7116564417177913)
(2095,2.9734513274336285)
(3429,4.335766423357664)
(2241,2.7751937984496124)
(836,2.654008438818565)
(2406,3.6892193308550185)
(947,4.1063829787234045)
(3029,3.2736842105263158)
(641,1.0)
(3274,3.1073059360730593)
(2468,2.770053475935829)
(493,3.6073825503355703)
(1610,4.052058111380146)
(2029,3.6710526315789473)
(3068,3.865435356200528)
(272,3.7258485639686683)
(2716,3.9055479138010085)
(2824,3.9285714285714284)
(2438,4.0)
(2017,2.9876543209876543)
(2059,3.283582089552239)
(3456,3.9384615384615387)
(3909,2.681159420289855)
(2402,2.825436408977556)
(3798,3.3347732181425487)
(2568,2.107476635514019)
(3946,2.26)
(2171,3.688775510204082)
(366,2.8207171314741037)
(3915,3.5118110236220472)
(2914,2.1818181818181817)
(3672,2.967948717948718)
(1237,4.230769230769231)
(2849,2.8)
(3497,3.0520833333333335)
(39,3.6233480176211454)
(3146,2.762987012987013)
(2898,2.7450980392156863)
(3506,3.3652694610778444)
(3749,3.1363636363636362)
(2188,2.7644787644787643)
(3499,3.82579185520362)
(1996,1.8303571428571428)
(2488,3.8588235294117648)
(1028,3.894164193867458)
(706,2.5)
(3513,3.3476190476190477)
(1210,4.022892819979188)
(2856,2.7777777777777777)
(266,3.425531914893617)
(2762,4.406262708418057)
(244,1.9)
(464,2.7824074074074074)
(650,3.4719101123595504)
(1310,3.558139534883721)
(2947,3.971014492753623)
(259,2.843137254901961)
(1646,2.8181818181818183)
(1827,4.0)
(222,3.547112462006079)
(3070,3.3878887070376433)
(2387,2.774193548387097)
(2555,1.701219512195122)
(1516,3.6538461538461537)
(1508,3.3055555555555554)
(3579,2.485294117647059)
(2997,4.125390450691656)
(175,3.477272727272727)
(3055,3.3902439024390243)
(1147,4.32129963898917)
(2563,3.0)
(2339,2.925925925925926)
(2307,2.6315789473684212)
(498,2.74468085106383)
(3302,3.339622641509434)
(3938,1.9259259259259258)
(408,3.3194444444444446)
(2156,3.7777777777777777)
(2582,3.106060606060606)
(2245,3.414396887159533)
(2288,3.785425101214575)
(2261,3.329192546583851)
(348,3.698901098901099)
(1376,3.6563055062166963)
(1966,3.6464646464646466)
(17,4.027544910179641)
(3677,3.888888888888889)
(3586,3.392857142857143)
(2149,2.2524271844660193)
(1374,3.880524861878453)
(897,3.7551020408163267)
(1419,3.963235294117647)
(3797,2.206896551724138)
(3620,3.0)
(3864,2.6923076923076925)
(2345,3.372093023255814)
(2138,3.8426229508196723)
(1856,3.0555555555555554)
(2346,3.3066666666666666)
(3940,1.7333333333333334)
(783,3.223076923076923)
(3289,3.769230769230769)
(1259,4.0969187675070025)
(1274,3.933628318584071)
(3217,3.3516483516483517)
(2366,3.6560846560846563)
(3600,2.8264462809917354)
(97,3.75)
(805,3.5901162790697674)
(3085,2.5)
(1534,3.6666666666666665)
(136,3.25)
(3709,2.3893805309734515)
(1289,3.9725274725274726)
(3339,3.744186046511628)
(3951,3.9)
(848,3.4358974358974357)
(2111,3.2275641025641026)
(1457,3.1090225563909772)
(2714,3.2528735632183907)
(1984,2.0952380952380953)
(1935,4.02803738317757)
(2567,3.2019867549668874)
(2342,3.727272727272727)
(451,3.150943396226415)
(2135,3.2016806722689077)
(1566,3.279317697228145)
(1684,3.7241379310344827)
(3448,3.733826247689464)
(3263,3.188905547226387)
(575,2.822429906542056)
(3790,3.372549019607843)
(754,2.923076923076923)
(2118,3.7024793388429753)
(3394,2.6714285714285713)
(3293,3.4)
(2414,3.390501319261214)
(2693,3.857142857142857)
(2759,3.3511627906976744)
(1999,2.748031496062992)
(564,2.2666666666666666)
(1969,2.321167883211679)
(2780,3.182926829268293)
(2379,2.3866666666666667)
(112,3.443859649122807)
(1653,3.711234911792015)
(2186,4.304979253112033)
(3043,1.725)
(3735,3.981818181818182)
(2952,3.747311827956989)
(3335,2.6666666666666665)
(476,2.6857142857142855)
(1955,3.7964601769911503)
(1930,3.0)
(3571,3.377952755905512)
(3882,3.2735042735042734)
(3430,3.340909090909091)
(3343,2.375)
(2689,3.3902439024390243)
(3001,1.6666666666666667)
(637,2.5428571428571427)
(93,2.235955056179775)
(691,3.0991735537190084)
(3144,3.2653061224489797)
(1060,3.94147582697201)
(3766,2.5392670157068062)
(1932,3.2777777777777777)
(60,3.212885154061625)
(402,3.0)
(1981,1.8383838383838385)
(924,4.068764568764569)
(2368,1.6896551724137931)
(3613,3.75531914893617)
(297,3.107142857142857)
(3859,3.8780487804878048)
(3312,1.0)
(2636,2.4615384615384617)
(3237,1.0)
(3445,3.194244604316547)
(2226,3.0)
(2549,2.2285714285714286)
(2637,2.6666666666666665)
(1083,3.5304878048780486)
(56,2.0)
(2446,2.5396825396825395)
(2074,3.5238095238095237)
(201,2.6363636363636362)
(3269,3.20335429769392)
(1677,2.7567567567567566)
(3912,2.3)
(2204,3.8202247191011236)
(1883,3.4352409638554215)
(1184,3.802197802197802)
(929,3.78494623655914)
(30,3.6486486486486487)
(1656,3.2142857142857144)
(3097,4.038834951456311)
(1197,4.3037100949094045)
(3601,4.0)
(2134,3.4235294117647057)
(3674,2.595744680851064)
(3381,3.5)
(2740,2.6470588235294117)
(3297,2.0)
(261,3.6491228070175437)
(3393,2.1372549019607843)
(843,1.0)
(2113,2.151898734177215)
(353,3.4455040871934606)
(2273,3.5661881977671452)
(3788,3.8089430894308944)
(3035,4.149643705463183)
(3166,1.1666666666666667)
(2012,3.2421602787456445)
(1583,2.7777777777777777)
(3654,3.9641434262948207)
(485,2.508)
(539,3.760649087221095)
(903,4.27292817679558)
